1.1026,-0.78023,-0.81744,-0.46656,0.69852,-0.81503,0.06336,0.29248,0.71217,-0.59811,0.15256,-0.11482
1.1028,-0.77906,-0.81461,-0.46894,0.69909,-0.81545,0.068491,0.29554,0.70821,-0.59773,0.1532,-0.11688
1.1031,-0.77786,-0.8118,-0.47129,0.6997,-0.81591,0.074638,0.29497,0.70509,-0.59965,0.15508,-0.12094
1.1034,-0.77672,-0.80894,-0.47373,0.7004,-0.81647,0.081087,0.29173,0.70419,-0.60345,0.15724,-0.1265
1.1038,-0.77554,-0.80612,-0.47616,0.70108,-0.81702,0.087096,0.28761,0.70599,-0.60827,0.15851,-0.13245
1.1041,-0.7744,-0.80336,-0.47857,0.70164,-0.81756,0.091985,0.28435,0.70994,-0.61314,0.15805,-0.13716
1.1045,-0.77329,-0.80051,-0.48107,0.7022,-0.81809,0.09518,0.28299,0.71473,-0.61734,0.15588,-0.13905
1.1049,-0.77213,-0.79758,-0.48354,0.70286,-0.81859,0.096267,0.28371,0.71903,-0.62057,0.15292,-0.13704
1.1053,-0.771,-0.79474,-0.486,0.70352,-0.81912,0.095106,0.28591,0.72206,-0.62287,0.15075,-0.13102
1.1057,-0.76983,-0.79184,-0.48852,0.70417,-0.81966,0.091959,0.28866,0.72391,-0.62435,0.15084,-0.12195
1.106,-0.7687,-0.78889,-0.49103,0.70473,-0.82018,0.087547,0.29105,0.72538,-0.62498,0.15383,-0.11165
1.1064,-0.76753,-0.78603,-0.49349,0.70527,-0.82062,0.082928,0.29247,0.72734,-0.62458,0.15908,-0.10227
1.1067,-0.76636,-0.78309,-0.49601,0.70593,-0.821,0.07918,0.29273,0.7302,-0.62297,0.16482,-0.095628
1.107,-0.7652,-0.78023,-0.4985,0.70665,-0.82133,0.077004,0.29206,0.73361,-0.62027,0.16884,-0.092767
1.1073,-0.764,-0.77728,-0.50098,0.70733,-0.82167,0.076447,0.29097,0.73664,-0.61705,0.16948,-0.093746
1.1076,-0.76283,-0.77426,-0.50344,0.70803,-0.82202,0.076913,0.29003,0.7384,-0.61428,0.16641,-0.097793
1.1079,-0.7617,-0.77133,-0.50588,0.70866,-0.82247,0.077484,0.28964,0.73858,-0.61293,0.1609,-0.10367
1.1082,-0.76053,-0.76836,-0.50836,0.70928,-0.82294,0.077392,0.28981,0.73775,-0.61364,0.15523,-0.11007
1.1085,-0.75939,-0.7654,-0.51077,0.70993,-0.82343,0.076383,0.2903,0.73703,-0.61638,0.15176,-0.1159
1.1089,-0.75824,-0.76252,-0.51325,0.71052,-0.8239,0.074791,0.29085,0.73753,-0.62048,0.15182,-0.1203
1.1092,-0.75704,-0.75957,-0.51578,0.71108,-0.82435,0.073265,0.29151,0.7397,-0.62497,0.15508,-0.12262
1.1094,-0.75587,-0.75657,-0.51826,0.71169,-0.82479,0.072352,0.29268,0.74312,-0.62903,0.15976,-0.12236
1.1097,-0.7547,-0.75362,-0.52079,0.71237,-0.82523,0.072178,0.29489,0.74675,-0.63226,0.16342,-0.11915
1.11,-0.75351,-0.75056,-0.52335,0.71309,-0.82572,0.072429,0.2983,0.74949,-0.63473,0.16416,-0.11305
1.1103,-0.75234,-0.74756,-0.52587,0.71375,-0.82622,0.072631,0.30227,0.75083,-0.63667,0.16149,-0.10468
1.1106,-0.7511,-0.74461,-0.52842,0.71433,-0.82666,0.072529,0.30538,0.751,-0.63812,0.15654,-0.095359
1.1109,-0.7499,-0.74157,-0.53096,0.71494,-0.82704,0.072303,0.30601,0.75077,-0.63875,0.15156,-0.086905
1.1112,-0.74866,-0.73861,-0.53353,0.71557,-0.82734,0.072446,0.3032,0.75091,-0.63799,0.1488,-0.081158
1.1114,-0.74742,-0.7356,-0.53608,0.71616,-0.82762,0.073358,0.2973,0.75168,-0.63546,0.14957,-0.079379
1.1117,-0.74627,-0.73253,-0.53861,0.71675,-0.82791,0.074895,0.28998,0.7527,-0.63137,0.15362,-0.081771
1.112,-0.74513,-0.72957,-0.54116,0.71733,-0.82823,0.076193,0.28365,0.75321,-0.62665,0.15937,-0.087353
1.1124,-0.74403,-0.72651,-0.54362,0.71798,-0.8286,0.075929,0.28033,0.75258,-0.62277,0.16464,-0.094288
1.1127,-0.74288,-0.72356,-0.54615,0.71873,-0.82903,0.072956,0.28083,0.75077,-0.62108,0.16762,-0.10054
1.1129,-0.74178,-0.72054,-0.54857,0.71944,-0.82949,0.066988,0.28445,0.74848,-0.62227,0.16757,-0.10459
1.1132,-0.7406,-0.71756,-0.55107,0.72009,-0.82992,0.058961,0.28947,0.74687,-0.62608,0.16501,-0.10591
1.1134,-0.73943,-0.71452,-0.55358,0.72065,-0.83034,0.050807,0.29404,0.74701,-0.63139,0.16137,-0.10495
1.1136,-0.73827,-0.71159,-0.55618,0.72122,-0.83071,0.044714,0.29698,0.74935,-0.63677,0.15831,-0.10277
1.1138,-0.73707,-0.70857,-0.5587,0.72194,-0.83107,0.042191,0.29813,0.75342,-0.6411,0.15706,-0.10035
1.114,-0.73588,-0.70555,-0.56126,0.72265,-0.83146,0.043426,0.29815,0.75808,-0.64384,0.15804,-0.09807
1.1141,-0.7347,-0.70248,-0.56388,0.72326,-0.83189,0.047257,0.29794,0.76195,-0.64508,0.1608,-0.095464
1.1143,-0.73347,-0.69948,-0.56641,0.72386,-0.8323,0.051785,0.29801,0.76404,-0.64516,0.16432,-0.09149
1.1145,-0.73231,-0.6964,-0.56899,0.72447,-0.83266,0.055311,0.29827,0.76417,-0.64429,0.1674,-0.085097
1.1148,-0.7311,-0.6933,-0.57161,0.72522,-0.83298,0.057096,0.29815,0.76301,-0.64241,0.16906,-0.075872
1.115,-0.72991,-0.69028,-0.57414,0.72593,-0.83324,0.05756,0.29701,0.7617,-0.63932,0.1688,-0.064467
1.1152,-0.72874,-0.68724,-0.57669,0.72656,-0.83346,0.057845,0.29463,0.76132,-0.63504,0.16673,-0.052599
1.1155,-0.72756,-0.6842,-0.57924,0.72717,-0.83364,0.059025,0.29142,0.76239,-0.63012,0.16352,-0.04261
1.1157,-0.72639,-0.68117,-0.58175,0.72782,-0.83381,0.061447,0.28834,0.76467,-0.62563,0.1602,-0.036743
1.1159,-0.72525,-0.67804,-0.58425,0.72854,-0.83397,0.064564,0.28654,0.7674,-0.62284,0.15789,-0.03641
1.1162,-0.7241,-0.67502,-0.58673,0.7292,-0.83413,0.067338,0.28685,0.76969,-0.62264,0.1574,-0.041709
1.1165,-0.72297,-0.67192,-0.58921,0.72977,-0.8343,0.068917,0.28949,0.77103,-0.62519,0.1589,-0.051381
1.1168,-0.72178,-0.66879,-0.59172,0.73035,-0.83451,0.069156,0.29392,0.77146,-0.62975,0.16179,-0.063201
1.1171,-0.72061,-0.66577,-0.59425,0.73101,-0.83477,0.068648,0.29917,0.7715,-0.63507,0.16489,-0.074675
1.1173,-0.71941,-0.66265,-0.59682,0.73171,-0.83511,0.068286,0.30419,0.77176,-0.63989,0.16685,-0.083787
1.1176,-0.71817,-0.65959,-0.59938,0.73244,-0.83547,0.06865,0.30824,0.77255,-0.64338,0.1668,-0.089553
1.1178,-0.71693,-0.65647,-0.60196,0.73307,-0.83586,0.06964,0.31101,0.7737,-0.64531,0.16475,-0.092182
1.1181,-0.71567,-0.65336,-0.60455,0.73367,-0.83622,0.070597,0.31244,0.7747,-0.64591,0.16172,-0.092817
1.1184,-0.71443,-0.65031,-0.60711,0.73433,-0.83659,0.070818,0.31248,0.77502,-0.64549,0.15936,-0.092937
1.1187,-0.71319,-0.64717,-0.6097,0.73501,-0.83697,0.07011,0.31084,0.77452,-0.64422,0.1592,-0.093678
1.119,-0.71195,-0.6441,-0.61228,0.73566,-0.8373,0.069003,0.30708,0.77361,-0.64204,0.16188,-0.095303
1.1193,-0.71072,-0.64095,-0.61481,0.73628,-0.83769,0.068465,0.30106,0.77304,-0.63891,0.16672,-0.097059
1.1195,-0.70955,-0.63792,-0.61741,0.7369,-0.83809,0.069298,0.29333,0.77355,-0.63507,0.17183,-0.097471
1.1198,-0.70836,-0.63483,-0.61994,0.73763,-0.83849,0.071608,0.28537,0.77539,-0.63117,0.17482,-0.094979
1.1201,-0.70726,-0.63169,-0.62245,0.73838,-0.83888,0.074712,0.27932,0.77806,-0.62816,0.17378,-0.088684
1.1204,-0.70616,-0.62856,-0.62492,0.73908,-0.83922,0.077547,0.27726,0.78049,-0.62693,0.16814,-0.078889
1.1207,-0.70503,-0.62546,-0.62745,0.73971,-0.83949,0.079366,0.28026,0.78145,-0.6279,0.15901,-0.067219
1.1211,-0.70391,-0.62233,-0.62996,0.74028,-0.83975,0.080265,0.28776,0.78015,-0.6309,0.14888,-0.056235
1.1214,-0.70272,-0.61923,-0.63251,0.74089,-0.83994,0.081232,0.29757,0.77659,-0.63522,0.14066,-0.048644
1.1217,-0.70154,-0.61612,-0.63506,0.74147,-0.84013,0.083652,0.30661,0.7717,-0.63988,0.13667,-0.04641
1.122,-0.70028,-0.61299,-0.63764,0.74199,-0.84032,0.088554,0.31207,0.76696,-0.64401,0.13776,-0.050065
1.1224,-0.69904,-0.60999,-0.64017,0.74252,-0.84052,0.095993,0.3125,0.7639,-0.64707,0.14305,-0.058502
1.1228,-0.69777,-0.60694,-0.6428,0.74309,-0.84078,0.10492,0.30837,0.76352,-0.64879,0.15036,-0.06933
1.1232,-0.69656,-0.60388,-0.64541,0.74374,-0.84107,0.11357,0.30171,0.76595,-0.64911,0.15703,-0.079663
1.1237,-0.69537,-0.60079,-0.64799,0.74444,-0.84142,0.12021,0.29516,0.7705,-0.64804,0.1609,-0.087066
1.1242,-0.69419,-0.59771,-0.65057,0.74508,-0.84179,0.12373,0.29087,0.77589,-0.64566,0.16106,-0.090301
1.1247,-0.69304,-0.59458,-0.65312,0.74564,-0.84214,0.12402,0.28971,0.78079,-0.6422,0.15807,-0.089626
1.1252,-0.6919,-0.59146,-0.65574,0.74625,-0.84251,0.12182,0.29121,0.78418,-0.63819,0.15362,-0.086548
1.1257,-0.69071,-0.58832,-0.65829,0.7469,-0.84285,0.11828,0.29408,0.78565,-0.63443,0.14988,-0.083143
1.1261,-0.68953,-0.58517,-0.6608,0.74751,-0.84317,0.11443,0.29703,0.78536,-0.63177,0.14862,-0.081226
1.1266,-0.68832,-0.58208,-0.66328,0.74814,-0.84348,0.11089,0.29933,0.7839,-0.63088,0.15058,-0.081666
1.127,-0.68712,-0.57887,-0.66584,0.74869,-0.84378,0.10779,0.30088,0.78197,-0.63194,0.15523,-0.084088
1.1275,-0.68593,-0.57575,-0.66837,0.74929,-0.84413,0.10496,0.30189,0.78018,-0.6346,0.16095,-0.087057
1.1279,-0.68473,-0.57268,-0.67092,0.75,-0.84451,0.10223,0.3024,0.77891,-0.63816,0.16571,-0.088627
1.1283,-0.68352,-0.56955,-0.67345,0.75068,-0.8449,0.099641,0.30212,0.77835,-0.64184,0.16776,-0.087068
1.1287,-0.6823,-0.56645,-0.67605,0.75135,-0.84523,0.097517,0.30063,0.77858,-0.64506,0.16631,-0.081493
1.1291,-0.6811,-0.56332,-0.67865,0.75194,-0.84554,0.096333,0.2979,0.77965,-0.64754,0.16184,-0.072206
1.1294,-0.67989,-0.56018,-0.68124,0.75257,-0.84577,0.096472,0.29468,0.78155,-0.64914,0.15586,-0.060669
1.1298,-0.67876,-0.55709,-0.6838,0.75328,-0.84598,0.097984,0.29246,0.78409,-0.64972,0.15037,-0.04913
1.1302,-0.67759,-0.55388,-0.68644,0.75391,-0.84615,0.10046,0.29288,0.78685,-0.64903,0.14707,-0.040032
1.1307,-0.6764,-0.55079,-0.68904,0.75444,-0.84631,0.10309,0.29692,0.78917,-0.64681,0.14679,-0.035379
1.1311,-0.6752,-0.5476,-0.69157,0.75494,-0.84648,0.10495,0.30416,0.79031,-0.64304,0.14918,-0.036209
1.1314,-0.67398,-0.54449,-0.69415,0.7555,-0.84664,0.10527,0.31265,0.78974,-0.63818,0.15298,-0.042329
1.1319,-0.67268,-0.54131,-0.69674,0.75618,-0.84682,0.10376,0.31954,0.78746,-0.63312,0.15652,-0.052351
1.1323,-0.67143,-0.53812,-0.69927,0.75697,-0.84703,0.10065,0.32215,0.78406,-0.62901,0.15843,-0.064042
1.1327,-0.67012,-0.53498,-0.70173,0.75761,-0.84729,0.096513,0.31906,0.78054,-0.62679,0.1581,-0.074905
1.1331,-0.66886,-0.53192,-0.70422,0.75812,-0.8476,0.092037,0.31073,0.77797,-0.62685,0.15583,-0.082835
1.1334,-0.66764,-0.5288,-0.70674,0.75864,-0.84797,0.087689,0.29931,0.77703,-0.62891,0.15262,-0.086678
1.1337,-0.66645,-0.52569,-0.70928,0.75925,-0.84832,0.083624,0.28784,0.77777,-0.6322,0.14971,-0.086508
1.1341,-0.66534,-0.52262,-0.71183,0.75993,-0.84868,0.079761,0.27911,0.77969,-0.63587,0.14813,-0.083525
1.1344,-0.66424,-0.51943,-0.71435,0.76061,-0.84902,0.076002,0.27482,0.78193,-0.63932,0.1483,-0.079589
1.1347,-0.66314,-0.51632,-0.71693,0.76121,-0.84931,0.072409,0.27528,0.78375,-0.64233,0.15001,-0.076537
1.135,-0.66204,-0.51313,-0.71953,0.76171,-0.84959,0.069211,0.27966,0.78468,-0.64487,0.15246,-0.075523
1.1353,-0.6609,-0.51006,-0.72208,0.76227,-0.84987,0.066623,0.28664,0.78465,-0.64686,0.15463,-0.076614
1.1355,-0.65973,-0.50693,-0.72466,0.76292,-0.85018,0.064577,0.29487,0.78382,-0.64798,0.1556,-0.07879
1.1358,-0.65853,-0.50377,-0.72726,0.7636,-0.85052,0.062576,0.30321,0.78244,-0.64769,0.15491,-0.080348
1.136,-0.65731,-0.50068,-0.72984,0.76426,-0.85087,0.059794,0.31062,0.78076,-0.64555,0.15273,-0.07955
1.1363,-0.65605,-0.49749,-0.73246,0.76482,-0.85118,0.055435,0.31601,0.77907,-0.6416,0.14986,-0.075262
1.1365,-0.65481,-0.49442,-0.73501,0.7654,-0.85148,0.049182,0.31821,0.77783,-0.63645,0.14754,-0.067341
1.1367,-0.6535,-0.49126,-0.73751,0.76597,-0.85172,0.04151,0.31637,0.77762,-0.63123,0.14699,-0.056651
1.1368,-0.65226,-0.48822,-0.74005,0.76657,-0.8519,0.033666,0.31044,0.77898,-0.62716,0.1489,-0.044722
1.1369,-0.65101,-0.4851,-0.74255,0.76719,-0.85203,0.027306,0.30147,0.78208,-0.62511,0.1531,-0.033218
1.137,-0.64982,-0.48192,-0.74501,0.76781,-0.85216,0.023926,0.29153,0.78651,-0.62533,0.1584,-0.023432
1.1371,-0.6487,-0.4788,-0.74752,0.76843,-0.85224,0.024334,0.28312,0.79122,-0.62748,0.16299,-0.015984
1.1372,-0.64759,-0.47558,-0.75009,0.76915,-0.8523,0.028374,0.27836,0.79487,-0.63084,0.16499,-0.010812
1.1373,-0.64649,-0.47239,-0.75262,0.76978,-0.85235,0.034978,0.27832,0.79636,-0.63466,0.16327,-0.0073885
1.1375,-0.64534,-0.46927,-0.75513,0.77037,-0.85237,0.042496,0.28279,0.79531,-0.63834,0.15787,-0.0050417
1.1377,-0.6442,-0.46606,-0.75768,0.771,-0.85238,0.04915,0.29049,0.79227,-0.64144,0.15014,-0.0032382
1.1379,-0.64303,-0.46291,-0.76025,0.77161,-0.85238,0.053464,0.29964,0.78846,-0.64358,0.14223,-0.0017156
1.1381,-0.64179,-0.45974,-0.76287,0.77224,-0.85238,0.054572,0.30851,0.78523,-0.64439,0.13634,-0.00045989
1.1383,-0.64057,-0.4566,-0.76545,0.77276,-0.85238,0.052397,0.31574,0.78343,-0.6435,0.13396,0.00042274
1.1385,-0.63928,-0.45344,-0.76798,0.77323,-0.85238,0.047679,0.32049,0.78313,-0.64077,0.13534,0.00085036
1.1387,-0.63801,-0.4504,-0.77053,0.7737,-0.85238,0.041845,0.32234,0.78378,-0.63644,0.13955,0.00085358
1.1388,-0.63671,-0.44722,-0.77311,0.77428,-0.85238,0.036692,0.32119,0.78467,-0.63122,0.14491,0.00057883
1.139,-0.6354,-0.44412,-0.77562,0.77494,-0.85238,0.033897,0.31722,0.78545,-0.62613,0.14964,0.00022537
1.1391,-0.63417,-0.44089,-0.77809,0.77566,-0.85238,0.034467,0.31087,0.78629,-0.62217,0.15248,-3.7565e-05
1.1393,-0.63293,-0.43773,-0.78056,0.77629,-0.85238,0.038327,0.30287,0.78772,-0.62007,0.15296,-0.00012832
1.1394,-0.63176,-0.43462,-0.78308,0.77676,-0.85238,0.044264,0.29423,0.79004,-0.62002,0.15144,-6.1945e-05
1.1396,-0.63059,-0.43145,-0.78552,0.77726,-0.85238,0.050342,0.28614,0.79292,-0.62177,0.14881,8.3406e-05
1.1398,-0.62945,-0.42836,-0.78802,0.77788,-0.85238,0.054666,0.27991,0.79532,-0.62472,0.14616,0.00021829
1.14,-0.62835,-0.42511,-0.79056,0.77854,-0.85238,0.056209,0.27677,0.79591,-0.62822,0.14443,0.00028434
1.1403,-0.62722,-0.42192,-0.79308,0.77922,-0.85238,0.055295,0.27753,0.79377,-0.63171,0.14419,0.00027086
1.1405,-0.62612,-0.41872,-0.79557,0.77981,-0.85238,0.053484,0.28237,0.78896,-0.63479,0.14549,0.00020506
1.1407,-0.62498,-0.41553,-0.79812,0.7803,-0.85238,0.052885,0.29055,0.7826,-0.63712,0.14794,0.00012813
1.1409,-0.62382,-0.41249,-0.80067,0.78079,-0.85238,0.05519,0.30046,0.77646,-0.6384,0.15077,7.2148e-05
1.1411,-0.62258,-0.40944,-0.80327,0.78142,-0.85238,0.060917,0.30997,0.77215,-0.63837,0.1531,4.8351e-05
1.1414,-0.62132,-0.40631,-0.8058,0.7821,-0.85238,0.069203,0.31698,0.77049,-0.63685,0.15426,4.889e-05
1.1417,-0.62005,-0.40326,-0.80833,0.78278,-0.85238,0.078239,0.32003,0.77131,-0.63392,0.15408,5.7042e-05
1.1421,-0.61874,-0.40015,-0.81086,0.78339,-0.85238,0.086098,0.31866,0.77368,-0.62996,0.15303,5.845e-05
1.1424,-0.6175,-0.39698,-0.81338,0.78395,-0.85238,0.091517,0.31347,0.77655,-0.62562,0.15205,4.7709e-05
1.1428,-0.61626,-0.3939,-0.81587,0.78458,-0.85238,0.094265,0.30577,0.77916,-0.6217,0.15218,2.8542e-05
1.1431,-0.61505,-0.39078,-0.81835,0.78517,-0.85238,0.094977,0.29716,0.78122,-0.61889,0.15411,9.3755e-06
1.1435,-0.61387,-0.38772,-0.82083,0.78575,-0.85238,0.094625,0.28911,0.78276,-0.61761,0.15776,-2.288e-06
1.1439,-0.61273,-0.3846,-0.82331,0.78638,-0.85238,0.093975,0.28276,0.78376,-0.61794,0.16228,-3.7686e-06
1.1443,-0.61162,-0.38137,-0.82575,0.78707,-0.85238,0.093324,0.27895,0.78398,-0.61966,0.1663,2.0137e-06
1.1447,-0.61048,-0.37827,-0.82823,0.78782,-0.85238,0.0926,0.27819,0.78313,-0.62236,0.16851,8.6182e-06
1.145,-0.6094,-0.37509,-0.83074,0.78856,-0.85238,0.091688,0.28063,0.78108,-0.62559,0.16818,9.712e-06
1.1454,-0.60826,-0.37203,-0.83329,0.7891,-0.85238,0.090708,0.28593,0.7782,-0.62894,0.16547,2.5571e-06
1.1457,-0.6071,-0.36893,-0.83577,0.78966,-0.85238,0.090077,0.29312,0.77531,-0.63204,0.16128,-1.0175e-05
1.1461,-0.60591,-0.36584,-0.8383,0.7903,-0.85238,0.09032,0.30071,0.77339,-0.6345,0.15693,-2.1221e-05
1.1465,-0.60469,-0.36273,-0.84085,0.79104,-0.85238,0.091794,0.30703,0.77309,-0.63591,0.15354,-2.217e-05
1.1468,-0.60347,-0.35963,-0.8434,0.79177,-0.85238,0.094521,0.31076,0.77437,-0.63589,0.15169,-8.3289e-06
1.1472,-0.60221,-0.35648,-0.84594,0.79231,-0.85238,0.098229,0.31144,0.77655,-0.6342,0.15127,1.727e-05
1.1476,-0.60097,-0.35343,-0.84847,0.79278,-0.85238,0.10255,0.30965,0.77857,-0.63092,0.15167,4.3211e-05
1.148,-0.59973,-0.35034,-0.85099,0.7933,-0.85238,0.10722,0.30675,0.77957,-0.62651,0.15212,5.379e-05
1.1485,-0.59849,-0.3472,-0.85348,0.79399,-0.85238,0.11208,0.30424,0.77921,-0.62179,0.15201,3.6973e-05
1.1489,-0.5973,-0.34406,-0.85596,0.79474,-0.85238,0.11702,0.30306,0.77777,-0.61776,0.15114,-7.2105e-06
1.1494,-0.59608,-0.34095,-0.85842,0.79543,-0.85238,0.12167,0.30309,0.77591,-0.61525,0.14969,-6.2629e-05
1.1499,-0.59488,-0.33781,-0.86088,0.79591,-0.85238,0.12545,0.30328,0.77425,-0.61473,0.14812,-0.00010106
1.1504,-0.59367,-0.33479,-0.86334,0.79632,-0.85238,0.12762,0.30212,0.77314,-0.6161,0.14695,-9.4414e-05
1.1509,-0.59243,-0.33172,-0.86582,0.7969,-0.85238,0.12772,0.29846,0.77261,-0.61884,0.14665,-3.0678e-05
1.1514,-0.59127,-0.32861,-0.86827,0.7976,-0.85238,0.1258,0.29214,0.77249,-0.62218,0.14745,7.4168e-05
1.152,-0.59011,-0.32549,-0.8708,0.79831,-0.85238,0.12258,0.28418,0.77265,-0.62538,0.1493,0.00017576
1.1524,-0.58901,-0.32238,-0.87331,0.79894,-0.85238,0.11915,0.27643,0.77299,-0.62799,0.15181,0.00021553
1.1529,-0.5879,-0.31927,-0.87581,0.79945,-0.85238,0.11656,0.27094,0.77335,-0.62984,0.1543,0.00014538
1.1533,-0.58683,-0.3162,-0.87834,0.79995,-0.85238,0.11528,0.26923,0.77337,-0.63093,0.1559,-4.7462e-05
1.1538,-0.58575,-0.31316,-0.88087,0.8006,-0.85238,0.1151,0.27181,0.7724,-0.63126,0.15582,-0.0003276
1.1543,-0.58467,-0.31008,-0.88336,0.80126,-0.85238,0.11527,0.27818,0.76979,-0.63066,0.15359,-0.00061903
1.1547,-0.58352,-0.30699,-0.88593,0.80196,-0.85238,0.11498,0.28706,0.76521,-0.62893,0.14933,-0.00083234
1.1552,-0.58236,-0.3039,-0.88842,0.80255,-0.85238,0.11386,0.29684,0.75905,-0.62591,0.14382,-0.00090107
1.1557,-0.58114,-0.30084,-0.89089,0.80308,-0.8524,0.11215,0.3059,0.75242,-0.6218,0.13836,-0.00081152
1.1561,-0.57992,-0.29788,-0.8934,0.80358,-0.8524,0.11056,0.31287,0.74689,-0.6172,0.13442,-0.00061147
1.1565,-0.57865,-0.29493,-0.89586,0.80411,-0.8524,0.10982,0.31662,0.74387,-0.61302,0.13315,-0.00039238
1.1569,-0.57739,-0.29199,-0.89832,0.80461,-0.8524,0.11022,0.31642,0.74412,-0.61015,0.13499,-0.00025177
1.1574,-0.5761,-0.28899,-0.90071,0.80517,-0.8524,0.11139,0.31196,0.74744,-0.60916,0.13953,-0.00025177
1.1579,-0.57489,-0.28599,-0.90317,0.8058,-0.8524,0.11245,0.30357,0.75279,-0.61005,0.14556,-0.00039238
1.1584,-0.57369,-0.2829,-0.90562,0.80645,-0.8524,0.11239,0.29231,0.75873,-0.61235,0.15155,-0.00061147
1.1588,-0.57254,-0.27985,-0.90804,0.80704,-0.8524,0.11053,0.27991,0.76391,-0.61533,0.15605,-0.00081152
1.1592,-0.57144,-0.27683,-0.91056,0.80762,-0.85242,0.10676,0.26852,0.7674,-0.61832,0.15821,-0.00090107
1.1596,-0.57041,-0.27379,-0.913,0.80817,-0.85242,0.10152,0.26019,0.76883,-0.62089,0.15799,-0.00083234
1.16,-0.56938,-0.27074,-0.91553,0.8088,-0.85242,0.095625,0.25641,0.76829,-0.62284,0.15609,-0.00061903
1.1604,-0.56833,-0.26761,-0.91801,0.80952,-0.85242,0.089967,0.25767,0.76608,-0.62405,0.15363,-0.0003276
1.1607,-0.5673,-0.26456,-0.9205,0.81022,-0.85242,0.08528,0.26343,0.76262,-0.62425,0.15174,-4.7461e-05
1.1611,-0.56624,-0.26143,-0.92297,0.81081,-0.85242,0.082041,0.27236,0.7583,-0.62311,0.15115,0.00014538
1.1614,-0.56514,-0.25848,-0.92544,0.81132,-0.85242,0.080432,0.28282,0.75359,-0.62034,0.15197,0.00021556
1.1617,-0.56399,-0.25548,-0.92797,0.81182,-0.85242,0.080348,0.29334,0.74901,-0.61606,0.15372,0.00017581
1.1621,-0.56278,-0.25257,-0.93044,0.81245,-0.85242,0.081411,0.30284,0.74518,-0.61086,0.15563,7.4251e-05
1.1624,-0.56154,-0.24953,-0.93288,0.81322,-0.85242,0.083035,0.31057,0.74275,-0.60577,0.15692,-3.0568e-05
1.1627,-0.56029,-0.24653,-0.93523,0.81392,-0.85242,0.084556,0.31588,0.74224,-0.60189,0.1572,-9.4311e-05
1.163,-0.55903,-0.24358,-0.93766,0.81451,-0.85242,0.085412,0.31797,0.74382,-0.59992,0.15657,-0.00010102
1.1634,-0.55775,-0.24054,-0.94002,0.81503,-0.85242,0.085298,0.31595,0.74719,-0.59996,0.15563,-6.2688e-05
1.1638,-0.55652,-0.23761,-0.94244,0.81559,-0.85242,0.08422,0.30923,0.75151,-0.60147,0.1552,-7.3557e-06
1.1641,-0.55528,-0.23464,-0.9449,0.81627,-0.85242,0.082423,0.298,0.75562,-0.60357,0.156,3.6857e-05
1.1644,-0.55411,-0.23157,-0.94731,0.81695,-0.85242,0.080233,0.28357,0.75837,-0.6055,0.15834,5.3896e-05
1.1647,-0.55299,-0.22857,-0.94969,0.8176,-0.85242,0.077929,0.26829,0.75899,-0.60693,0.16192,4.3704e-05
1.165,-0.55196,-0.22544,-0.95215,0.81825,-0.85242,0.075698,0.25497,0.7574,-0.60789,0.16592,1.8112e-05
1.1653,-0.55098,-0.22241,-0.95457,0.81889,-0.85242,0.073696,0.24604,0.75411,-0.60864,0.16916,-7.5087e-06
1.1656,-0.55001,-0.21946,-0.95698,0.81962,-0.85242,0.072107,0.24286,0.74995,-0.60929,0.17054,-2.2012e-05
1.1659,-0.54905,-0.21646,-0.95946,0.82027,-0.85242,0.071132,0.24545,0.74571,-0.60964,0.16937,-2.2288e-05
1.1662,-0.54802,-0.21354,-0.96192,0.82086,-0.85242,0.070868,0.25273,0.74181,-0.60918,0.16567,-1.2405e-05
1.1664,-0.547,-0.21057,-0.96431,0.82151,-0.85242,0.071165,0.26305,0.73829,-0.60744,0.1602,2.6692e-07
1.1667,-0.54592,-0.20755,-0.96672,0.82222,-0.85242,0.071578,0.27476,0.73499,-0.60427,0.15426,9.3342e-06
1.167,-0.54482,-0.20462,-0.96916,0.82294,-0.85242,0.071513,0.28645,0.73183,-0.60008,0.14923,1.1968e-05
1.1673,-0.54364,-0.20169,-0.97157,0.82352,-0.85242,0.070506,0.29691,0.72896,-0.59571,0.1462,9.0847e-06
1.1676,-0.54245,-0.19879,-0.97391,0.82397,-0.85242,0.068507,0.30503,0.7267,-0.59214,0.1455,3.745e-06
1.1679,-0.54119,-0.19597,-0.97627,0.82444,-0.85242,0.065975,0.30967,0.72535,-0.59009,0.1467,-9.2681e-07
1.1681,-0.53995,-0.19303,-0.97868,0.82503,-0.85242,0.063712,0.30984,0.72504,-0.5897,0.14878,-3.186e-06
1.1684,-0.53871,-0.19015,-0.981,0.82579,-0.85242,0.062501,0.30506,0.72564,-0.5906,0.1505,-2.9935e-06
1.1686,-0.53753,-0.1872,-0.98334,0.82655,-0.85242,0.062738,0.29563,0.72691,-0.59212,0.15093,-1.4395e-06
1.1689,-0.53634,-0.18422,-0.98574,0.82709,-0.85242,0.064263,0.28277,0.7286,-0.5937,0.14976,1.6319e-07
1.1691,-0.53526,-0.18137,-0.98814,0.82751,-0.85242,0.066461,0.26846,0.73054,-0.59513,0.14739,9.7729e-07
1.1694,-0.53421,-0.17848,-0.99049,0.82798,-0.85242,0.068568,0.255,0.73258,-0.59656,0.14476,8.7961e-07
1.1697,-0.53322,-0.17553,-0.99288,0.82865,-0.85242,0.069984,0.24455,0.73455,-0.59822,0.14297,2.8655e-07
1.17,-0.53224,-0.17263,-0.99531,0.82933,-0.85242,0.070445,0.23868,0.73613,-0.6001,0.14284,-2.1988e-07
1.1702,-0.53131,-0.16965,-0.9977,0.83001,-0.85242,0.069996,0.23812,0.73696,-0.60175,0.14458,-2.4666e-07
1.1705,-0.53035,-0.16663,-1.0001,0.83053,-0.85242,0.068848,0.24265,0.73678,-0.60237,0.14767,2.119e-07
1.1708,-0.52934,-0.16373,-1.0025,0.831,-0.85242,0.067241,0.25126,0.73551,-0.60118,0.15103,7.8152e-07
1.171,-0.52835,-0.16076,-1.0049,0.83156,-0.85242,0.065418,0.2624,0.73327,-0.59793,0.15337,9.1031e-07
1.1713,-0.52726,-0.15788,-1.0073,0.83224,-0.85242,0.063685,0.27434,0.73034,-0.59311,0.15361,2.0348e-07
1.1716,-0.52616,-0.15502,-1.0097,0.83289,-0.85242,0.062466,0.28554,0.72706,-0.58789,0.15131,-1.2387e-06
1.1718,-0.52496,-0.15205,-1.012,0.83355,-0.85242,0.062246,0.2948,0.7237,-0.58363,0.14681,-2.6695e-06
1.1721,-0.52379,-0.14917,-1.0144,0.83409,-0.85242,0.06341,0.30134,0.72053,-0.58132,0.14117,-2.9102e-06
1.1723,-0.52255,-0.14626,-1.0166,0.83462,-0.85242,0.066033,0.30463,0.71779,-0.58115,0.13584,-9.6361e-07
1.1726,-0.52135,-0.14336,-1.0189,0.83516,-0.85242,0.069779,0.30427,0.71573,-0.58247,0.13225,3.1931e-06
1.1729,-0.52014,-0.14059,-1.0213,0.83566,-0.85242,0.073964,0.30001,0.71458,-0.58422,0.13132,8.0902e-06
1.1732,-0.51896,-0.13772,-1.0236,0.83615,-0.85242,0.077778,0.29192,0.71448,-0.58542,0.13327,1.1011e-05
1.1735,-0.51779,-0.13491,-1.026,0.83669,-0.85242,0.080539,0.28069,0.71551,-0.58565,0.13751,9.1908e-06
1.1738,-0.5167,-0.13198,-1.0283,0.83732,-0.85242,0.081855,0.26777,0.71764,-0.58515,0.14281,1.5915e-06
1.1742,-0.51564,-0.12907,-1.0306,0.83795,-0.85242,0.081634,0.2552,0.72069,-0.58457,0.14771,-9.6763e-06
1.1745,-0.51466,-0.1262,-1.033,0.83854,-0.85242,0.079987,0.24513,0.72425,-0.5845,0.15086,-1.9358e-05
1.1748,-0.51369,-0.12326,-1.0353,0.8391,-0.85242,0.077123,0.23921,0.72762,-0.58508,0.15148,-2.1056e-05
1.1751,-0.51276,-0.12043,-1.0377,0.83963,-0.85242,0.073345,0.23807,0.72981,-0.58589,0.14954,-1.0718e-05
1.1754,-0.5118,-0.11753,-1.04,0.84017,-0.85242,0.069119,0.24124,0.72981,-0.58607,0.14582,1.001e-05
1.1757,-0.51081,-0.11456,-1.0424,0.84085,-0.85242,0.065154,0.24741,0.727,-0.5848,0.14165,3.2688e-05
1.1759,-0.50981,-0.11167,-1.0447,0.84151,-0.85242,0.062347,0.25502,0.72144,-0.58168,0.13849,4.4704e-05
1.1761,-0.50876,-0.10877,-1.047,0.84209,-0.85242,0.061575,0.26271,0.71406,-0.57696,0.13738,3.5265e-05
1.1764,-0.50772,-0.10587,-1.0493,0.84256,-0.85242,0.063373,0.26957,0.7063,-0.57158,0.13858,2.3206e-06
1.1766,-0.50662,-0.10313,-1.0516,0.84299,-0.85242,0.067684,0.27519,0.6996,-0.56672,0.14147,-4.3329e-05
1.1769,-0.50552,-0.10036,-1.0539,0.84352,-0.85242,0.07383,0.2794,0.69483,-0.56346,0.14482,-7.9961e-05
1.1772,-0.50438,-0.097634,-1.0562,0.8442,-0.85242,0.080761,0.28213,0.69206,-0.56229,0.14729,-8.3593e-05
1.1776,-0.50327,-0.094859,-1.0584,0.8449,-0.85242,0.087484,0.28328,0.69084,-0.56296,0.14795,-4.0577e-05
1.1779,-0.5021,-0.092014,-1.0606,0.84552,-0.85242,0.093446,0.28268,0.69067,-0.56459,0.14664,4.1564e-05
1.1783,-0.50098,-0.089274,-1.0629,0.84607,-0.85242,0.098677,0.28013,0.69136,-0.56613,0.14393,0.00013111
1.1787,-0.49988,-0.086446,-1.0651,0.84654,-0.85242,0.10361,0.27548,0.69312,-0.56681,0.14089,0.00018029
1.1792,-0.4988,-0.083741,-1.0674,0.84703,-0.85242,0.10868,0.26878,0.69616,-0.5665,0.13864,0.00014306
1.1796,-0.49772,-0.080966,-1.0697,0.84764,-0.85242,0.11391,0.26048,0.70022,-0.56568,0.13804,-4.1315e-06
1.1801,-0.49672,-0.078208,-1.0719,0.84825,-0.85242,0.1188,0.25161,0.70439,-0.56507,0.13952,-0.00024764
1.1805,-0.49571,-0.075363,-1.0742,0.84884,-0.85242,0.1224,0.24363,0.70739,-0.56516,0.14299,-0.00053544
1.181,-0.49475,-0.072431,-1.0764,0.84942,-0.85242,0.1238,0.23817,0.70813,-0.5658,0.14791,-0.00079176
1.1816,-0.49379,-0.069604,-1.0787,0.84998,-0.85242,0.12251,0.23635,0.70627,-0.56618,0.15334,-0.00094263
1.182,-0.49285,-0.066794,-1.081,0.85062,-0.85244,0.11866,0.23832,0.70235,-0.56529,0.15804,-0.00094263
1.1825,-0.49194,-0.064019,-1.0832,0.85127,-0.85244,0.11298,0.24305,0.69748,-0.56245,0.16071,-0.00079176
1.1829,-0.49093,-0.061296,-1.0855,0.85186,-0.85244,0.10653,0.24876,0.69277,-0.55781,0.16037,-0.00053544
1.1834,-0.48991,-0.058521,-1.0878,0.85244,-0.85244,0.10034,0.25367,0.68891,-0.55233,0.15674,-0.00024764
1.1837,-0.48887,-0.055781,-1.0899,0.85308,-0.85244,0.095246,0.25678,0.68608,-0.54742,0.15051,-4.1315e-06
1.1841,-0.48785,-0.052953,-1.0921,0.85378,-0.85244,0.091828,0.2583,0.68418,-0.54422,0.14322,0.00014306
1.1845,-0.48681,-0.050231,-1.0943,0.85444,-0.85244,0.090427,0.25934,0.68311,-0.54315,0.1367,0.00018029
1.1848,-0.48579,-0.04749,-1.0964,0.85491,-0.85244,0.091152,0.2612,0.68275,-0.5438,0.13236,0.00013111
1.1852,-0.48475,-0.044785,-1.0986,0.8553,-0.85244,0.093811,0.26459,0.68281,-0.54523,0.13061,4.1564e-05
1.1856,-0.48367,-0.042132,-1.1008,0.85572,-0.85244,0.097839,0.26927,0.6827,-0.5465,0.13075,-4.0577e-05
1.186,-0.48258,-0.039357,-1.103,0.85628,-0.85244,0.10236,0.27422,0.68162,-0.54708,0.13138,-8.3593e-05
1.1864,-0.48145,-0.036652,-1.1052,0.85692,-0.85244,0.10643,0.27809,0.67907,-0.54695,0.13113,-7.9961e-05
1.1868,-0.48037,-0.033894,-1.1073,0.85758,-0.85244,0.10938,0.27976,0.6753,-0.5464,0.1293,-4.3329e-05
1.1873,-0.47922,-0.031172,-1.1095,0.85813,-0.85244,0.11113,0.27855,0.67144,-0.5457,0.1261,2.3206e-06
1.1877,-0.47812,-0.028484,-1.1117,0.85848,-0.85244,0.11209,0.27418,0.66897,-0.54491,0.1224,3.5265e-05
1.1882,-0.47705,-0.025848,-1.1139,0.85882,-0.85244,0.11287,0.26663,0.66886,-0.5439,0.11914,4.4704e-05
1.1886,-0.47602,-0.023213,-1.1161,0.85926,-0.85244,0.1137,0.25627,0.67079,-0.54249,0.11692,3.2688e-05
1.1891,-0.47497,-0.020543,-1.1183,0.8598,-0.85244,0.11412,0.24408,0.67317,-0.54054,0.11581,1.001e-05
1.1895,-0.47403,-0.017855,-1.1204,0.86038,-0.85244,0.113,0.23182,0.6739,-0.53804,0.11566,-1.0718e-05
1.19,-0.47312,-0.01508,-1.1225,0.86092,-0.85244,0.10916,0.22189,0.67162,-0.53496,0.11636,-2.1056e-05
1.1904,-0.47227,-0.012374,-1.1247,0.86137,-0.85244,0.10203,0.21656,0.66648,-0.5313,0.11799,-1.9358e-05
1.1908,-0.4714,-0.0097215,-1.1268,0.86174,-0.85244,0.092205,0.21703,0.66017,-0.52714,0.1207,-9.6763e-06
1.1912,-0.47052,-0.0071209,-1.1289,0.86214,-0.85244,0.081391,0.22276,0.65482,-0.52281,0.12428,1.5915e-06
1.1915,-0.46963,-0.0045553,-1.131,0.86263,-0.85244,0.071771,0.23152,0.65172,-0.51899,0.12794,9.1921e-06
1.1917,-0.46869,-0.0019722,-1.1331,0.86324,-0.85244,0.065085,0.24037,0.65053,-0.51651,0.13039,1.1017e-05
1.192,-0.4677,0.00059341,-1.1351,0.8638,-0.85244,0.06192,0.24693,0.64959,-0.51597,0.13032,8.1024e-06
1.1922,-0.46668,0.0032812,-1.1372,0.86434,-0.85244,0.061576,0.25045,0.64698,-0.51731,0.12707,3.209e-06
1.1925,-0.46569,0.0058992,-1.1392,0.86488,-0.85244,0.062553,0.25187,0.64187,-0.51968,0.12103,-9.5589e-07
1.1928,-0.46468,0.0084648,-1.1413,0.86528,-0.85244,0.063376,0.25296,0.63502,-0.52175,0.11358,-2.9293e-06
1.193,-0.46368,0.010961,-1.1434,0.86565,-0.85244,0.063284,0.25496,0.62837,-0.52238,0.10651,-2.7283e-06
1.1932,-0.46265,0.013404,-1.1455,0.86607,-0.85244,0.06243,0.25758,0.62382,-0.52124,0.10137,-1.3246e-06
1.1935,-0.4616,0.015865,-1.1476,0.86649,-0.85244,0.061552,0.25897,0.6222,-0.51902,0.098885,1.4337e-07
1.1937,-0.46059,0.018326,-1.1497,0.86687,-0.85244,0.061338,0.25674,0.62294,-0.51699,0.098949,9.5747e-07
1.194,-0.45955,0.020909,-1.1517,0.86734,-0.85244,0.061895,0.24942,0.62467,-0.51622,0.10092,9.9451e-07
1.1942,-0.45857,0.023457,-1.1538,0.8678,-0.85244,0.062595,0.23755,0.62632,-0.51686,0.10411,5.5182e-07
1.1945,-0.45764,0.02597,-1.1558,0.86818,-0.85244,0.062346,0.22368,0.62766,-0.51794,0.10807,3.6803e-08
1.1947,-0.45679,0.028449,-1.1579,0.86853,-0.85244,0.060103,0.21142,0.62923,-0.51789,0.11254,-2.7575e-07
1.195,-0.45598,0.030927,-1.16,0.86898,-0.85244,0.055324,0.20389,0.63148,-0.51539,0.11719,-3.2401e-07
1.1952,-0.45516,0.033423,-1.1621,0.86951,-0.85244,0.04818,0.20257,0.63397,-0.51022,0.12136,-2.0076e-07
1.1953,-0.45433,0.035971,-1.1641,0.86999,-0.85244,0.039469,0.20691,0.63526,-0.50338,0.12417,-4.1557e-08
1.1955,-0.45352,0.038554,-1.1661,0.87054,-0.85244,0.030357,0.21496,0.63368,-0.49663,0.1248,6.1371e-08
1.1956,-0.45262,0.041103,-1.1681,0.87106,-0.85244,0.022096,0.22441,0.6285,-0.49157,0.12302,8.586e-08
1.1957,-0.45171,0.043633,-1.17,0.8715,-0.85244,0.015821,0.23345,0.62065,-0.48891,0.11941,5.8736e-08
1.1957,-0.45073,0.046094,-1.172,0.87191,-0.85244,0.012421,0.24106,0.61251,-0.48826,0.11526,1.9059e-08
1.1958,-0.44979,0.048485,-1.1739,0.8724,-0.85244,0.012439,0.24679,0.60673,-0.48855,0.11201,-7.7192e-09
1.1958,-0.44879,0.050876,-1.1759,0.87289,-0.85244,0.015963,0.25031,0.60478,-0.48876,0.11071,-1.5917e-08
1.1959,-0.4478,0.053267,-1.1779,0.87331,-0.85244,0.022526,0.25126,0.60622,-0.48842,0.11162,-1.2235e-08
1.196,-0.44675,0.055728,-1.1798,0.87373,-0.85244,0.031088,0.24947,0.60897,-0.48771,0.11425,-5.6035e-09
1.1961,-0.44577,0.058207,-1.1817,0.8742,-0.85244,0.040161,0.24541,0.61066,-0.48713,0.11776,-1.263e-09
1.1963,-0.44481,0.060685,-1.1837,0.87469,-0.85244,0.048108,0.2404,0.60995,-0.48702,0.12139,-2.4901e-24
1.1965,-0.44385,0.063111,-1.1856,0.87518,-0.85244,0.053535,0.2363,0.6072,-0.48727,0.12471,-1.2273e-39
1.1967,-0.44291,0.06552,-1.1876,0.8757,-0.85244,0.055658,0.23468,0.60406,-0.48747,0.12753,0
1.1969,-0.44197,0.067876,-1.1896,0.87626,-0.85244,0.054525,0.23598,0.60224,-0.48729,0.12961,0
1.1972,-0.44104,0.070267,-1.1915,0.87677,-0.85244,0.051011,0.23912,0.60247,-0.48667,0.13049,0
1.1974,-0.44008,0.07271,-1.1934,0.87722,-0.85244,0.04656,0.24186,0.60406,-0.48593,0.12959,0
1.1975,-0.43909,0.075136,-1.1954,0.87767,-0.85244,0.042762,0.24189,0.60547,-0.48536,0.12666,0
1.1977,-0.43811,0.077597,-1.1973,0.87818,-0.85244,0.040866,0.238,0.60534,-0.4849,0.1222,0
1.1979,-0.43719,0.080041,-1.1992,0.87879,-0.85244,0.041387,0.23083,0.60328,-0.484,0.11755,0
1.198,-0.4363,0.082414,-1.2012,0.87931,-0.85244,0.043932,0.22266,0.59994,-0.48191,0.11451,0
1.1982,-0.43541,0.084788,-1.2031,0.87973,-0.85244,0.047318,0.21637,0.59641,-0.47818,0.11446,0
1.1984,-0.43455,0.087127,-1.205,0.88012,-0.85244,0.049945,0.21414,0.59342,-0.47309,0.11761,0
1.1986,-0.4337,0.0895,-1.2069,0.88054,-0.85244,0.050341,0.21638,0.59091,-0.46775,0.12272,0
1.1988,-0.43282,0.091892,-1.2088,0.88099,-0.85244,0.047679,0.22159,0.58829,-0.46358,0.12758,0
1.199,-0.43193,0.094265,-1.2106,0.88153,-0.85244,0.042106,0.22703,0.58507,-0.4617,0.13001,0
1.1991,-0.43099,0.096604,-1.2124,0.88219,-0.85244,0.034766,0.22991,0.58145,-0.46227,0.12892,0
1.1993,-0.43008,0.098925,-1.2143,0.88279,-0.85244,0.02749,0.22859,0.57832,-0.46447,0.12481,0
1.1994,-0.42918,0.10121,-1.2161,0.88324,-0.85244,0.022265,0.22312,0.57669,-0.46686,0.11942,0
1.1994,-0.4283,0.10348,-1.2181,0.88359,-0.85244,0.020627,0.21515,0.57693,-0.46812,0.11476,0
1.1995,-0.42745,0.10577,-1.2199,0.88397,-0.85244,0.023197,0.20718,0.57835,-0.46771,0.11201,1.2273e-39
1.1997,-0.42665,0.10812,-1.2218,0.88441,-0.85244,0.029495,0.20166,0.57943,-0.46599,0.111,2.4901e-24
1.1998,-0.42584,0.11048,-1.2237,0.88488,-0.85244,0.038108,0.20024,0.57865,-0.46399,0.11049,1.263e-09
1.1999,-0.42506,0.1128,-1.2255,0.88541,-0.85244,0.047157,0.20344,0.57532,-0.46275,0.10909,8.1296e-09
1.2001,-0.4242,0.11507,-1.2273,0.88591,-0.85244,0.054918,0.21058,0.57005,-0.46286,0.10627,2.4705e-08
1.2004,-0.42335,0.11732,-1.2292,0.88633,-0.85244,0.060352,0.22004,0.56442,-0.46413,0.10281,4.9779e-08
1.2006,-0.42246,0.11956,-1.2311,0.88668,-0.85244,0.063367,0.22958,0.56017,-0.4658,0.10045,7.1124e-08
1.2009,-0.42153,0.12179,-1.2329,0.88698,-0.85244,0.064694,0.23669,0.55841,-0.46692,0.10097,6.2734e-08
1.2012,-0.42055,0.12402,-1.2348,0.88734,-0.85244,0.065426,0.2391,0.55908,-0.46671,0.10515,-3.1825e-09
1.2014,-0.41961,0.12627,-1.2367,0.88783,-0.85244,0.066443,0.23539,0.56123,-0.46484,0.11217,-1.2794e-07
1.2017,-0.41867,0.12856,-1.2385,0.88837,-0.85244,0.067958,0.22553,0.56355,-0.46139,0.11995,-2.5793e-07
1.2019,-0.41781,0.13081,-1.2403,0.8889,-0.85244,0.069428,0.21124,0.56502,-0.4568,0.12596,-2.824e-07
1.2022,-0.41699,0.13305,-1.2422,0.88942,-0.85244,0.069869,0.19576,0.56523,-0.45171,0.12832,-8.3676e-08
1.2025,-0.41623,0.13528,-1.2439,0.88989,-0.85244,0.068434,0.18309,0.56431,-0.44684,0.12654,3.5856e-07
1.2028,-0.41551,0.13755,-1.2457,0.89034,-0.85244,0.064985,0.17674,0.56266,-0.44288,0.12157,8.6521e-07
1.203,-0.41483,0.13982,-1.2475,0.89076,-0.85244,0.060365,0.17846,0.56067,-0.44037,0.11534,1.0591e-06
1.2033,-0.41411,0.14205,-1.2493,0.89125,-0.85244,0.056241,0.18755,0.55863,-0.4395,0.1099,5.4044e-07
1.2035,-0.41333,0.14429,-1.251,0.89172,-0.85244,0.054539,0.20089,0.55677,-0.44001,0.10674,-7.8828e-07
1.2037,-0.41247,0.1465,-1.2528,0.89219,-0.85244,0.056721,0.214,0.55533,-0.44121,0.10638,-2.422e-06
1.2039,-0.4116,0.14872,-1.2545,0.89261,-0.85244,0.063192,0.22261,0.55451,-0.44226,0.1084,-3.2534e-06
1.2042,-0.41071,0.15095,-1.2563,0.89303,-0.85244,0.073069,0.22428,0.55429,-0.44247,0.11175,-2.0705e-06
1.2045,-0.40984,0.15315,-1.2581,0.89343,-0.85244,0.084415,0.21932,0.55428,-0.44163,0.11521,1.5321e-06
1.2049,-0.40895,0.15537,-1.2599,0.89387,-0.85244,0.094835,0.21072,0.55377,-0.44005,0.11774,6.2916e-06
1.2053,-0.40813,0.15757,-1.2616,0.89438,-0.85244,0.10222,0.20302,0.55197,-0.43839,0.11874,9.1559e-06
1.2057,-0.40732,0.15978,-1.2634,0.89492,-0.85244,0.10538,0.20055,0.5484,-0.43725,0.11817,6.4082e-06
1.2061,-0.40652,0.162,-1.2651,0.89539,-0.85244,0.10434,0.20561,0.54317,-0.43687,0.11637,-4.1215e-06
1.2065,-0.4057,0.16415,-1.2668,0.89583,-0.85244,0.10026,0.21745,0.53702,-0.43703,0.11382,-2.079e-05
1.2069,-0.40478,0.16628,-1.2686,0.89628,-0.85244,0.094995,0.23234,0.53105,-0.43719,0.11091,-3.7388e-05
1.2073,-0.40382,0.16837,-1.2704,0.8967,-0.85244,0.090468,0.24488,0.5263,-0.43682,0.1077,-4.5101e-05
1.2076,-0.40284,0.17047,-1.2721,0.89708,-0.85244,0.088071,0.24998,0.52347,-0.43566,0.10401,-3.7026e-05
1.208,-0.40183,0.17256,-1.2738,0.89748,-0.85244,0.08831,0.2449,0.5227,-0.43378,0.09968,-1.3298e-05
1.2084,-0.40087,0.17467,-1.2756,0.89792,-0.85244,0.090755,0.2304,0.52366,-0.43145,0.094932,1.636e-05
1.2087,-0.39998,0.17678,-1.2773,0.89834,-0.85244,0.094302,0.21057,0.52571,-0.42889,0.090548,3.5261e-05
1.2091,-0.39917,0.17888,-1.279,0.89869,-0.85244,0.097612,0.19138,0.52804,-0.42611,0.087733,2.7795e-05
1.2095,-0.39846,0.18099,-1.2807,0.899,-0.85244,0.099562,0.17849,0.52978,-0.42298,0.08761,-1.0369e-05
1.2099,-0.39776,0.18309,-1.2824,0.89933,-0.85244,0.099572,0.17516,0.53014,-0.41943,0.090569,-6.5645e-05
1.2103,-0.39704,0.18523,-1.2841,0.8997,-0.85244,0.097715,0.1812,0.52855,-0.41566,0.095856,-0.00010878
1.2107,-0.39631,0.18733,-1.2857,0.9001,-0.85244,0.094625,0.19316,0.52494,-0.41218,0.10167,-0.00010754
1.2111,-0.39549,0.18942,-1.2874,0.9005,-0.85244,0.091268,0.20582,0.51984,-0.40963,0.10587,-4.5262e-05
1.2114,-0.39467,0.19151,-1.289,0.90094,-0.85244,0.088639,0.21422,0.51435,-0.40846,0.10688,6.3887e-05
1.2118,-0.39378,0.19356,-1.2906,0.90141,-0.85244,0.087483,0.21535,0.50976,-0.40867,0.10451,0.00017307
1.2121,-0.39294,0.19558,-1.2923,0.90185,-0.85244,0.08809,0.20909,0.50704,-0.40975,0.10003,0.00021912
1.2125,-0.39211,0.19759,-1.2939,0.90221,-0.85244,0.090219,0.19783,0.50633,-0.41091,0.095541,0.00015299
1.2128,-0.39136,0.19961,-1.2955,0.90256,-0.85244,0.093184,0.18541,0.50679,-0.41144,0.09285,-2.8567e-05
1.2132,-0.39064,0.20164,-1.2972,0.90289,-0.85244,0.096085,0.17561,0.50695,-0.41102,0.092521,-0.00026564
1.2136,-0.38996,0.20368,-1.2988,0.90328,-0.85244,0.098128,0.17093,0.50533,-0.40981,0.093584,-0.00044329
1.214,-0.38926,0.2057,-1.3005,0.90366,-0.85244,0.09891,0.17203,0.50109,-0.40832,0.09413,-0.0004242
1.2144,-0.38856,0.20771,-1.3021,0.90405,-0.85244,0.09854,0.17786,0.49447,-0.40712,0.092506,-9.3049e-05
1.2148,-0.38785,0.20967,-1.3037,0.90441,-0.85244,0.097543,0.18619,0.4866,-0.40654,0.088436,0.00060713
1.2152,-0.38708,0.21157,-1.3053,0.90478,-0.85244,0.096576,0.19447,0.47902,-0.40656,0.083418,0.0016624
1.2156,-0.38629,0.21345,-1.307,0.90515,-0.85244,0.096085,0.2005,0.4731,-0.40687,0.080106,0.003003
1.2159,-0.38549,0.21536,-1.3086,0.90544,-0.85242,0.0961,0.20288,0.46957,-0.40702,0.080939,0.0045336
1.2164,-0.38465,0.21726,-1.3103,0.90572,-0.85238,0.096249,0.20128,0.4685,-0.40664,0.086728,0.0061604
1.2167,-0.38387,0.21913,-1.3119,0.90604,-0.85237,0.095993,0.19632,0.46949,-0.40551,0.095992,0.0077959
1.2171,-0.3831,0.22098,-1.3134,0.90644,-0.85231,0.094936,0.18939,0.47198,-0.40356,0.10545,0.0093389
1.2175,-0.38235,0.2229,-1.3151,0.90693,-0.85228,0.093031,0.18214,0.47541,-0.40088,0.11151,0.010644
1.2178,-0.38165,0.22482,-1.3167,0.90743,-0.85224,0.090573,0.17609,0.47921,-0.39756,0.11195,0.011508
1.2182,-0.38094,0.22672,-1.3183,0.90787,-0.85221,0.087999,0.1722,0.4827,-0.3938,0.10703,0.01169
1.2186,-0.38025,0.22864,-1.3198,0.90829,-0.85216,0.08564,0.17068,0.48508,-0.38981,0.099345,0.010978
1.2189,-0.37957,0.23059,-1.3214,0.90865,-0.85212,0.083587,0.1711,0.4856,-0.38586,0.092485,0.00928
1.2192,-0.37891,0.23255,-1.3229,0.90898,-0.85207,0.081737,0.17276,0.48389,-0.38224,0.089205,0.0066939
1.2195,-0.37821,0.23448,-1.3244,0.90932,-0.85203,0.079993,0.17506,0.48021,-0.37918,0.090032,0.0035353
1.2199,-0.37748,0.23639,-1.3259,0.90965,-0.85203,0.078438,0.17776,0.47543,-0.37683,0.093048,0.00028434
1.2202,-0.37676,0.23829,-1.3275,0.91005,-0.85207,0.077366,0.18097,0.47075,-0.37523,0.094978,-0.0025289
1.2205,-0.37603,0.24016,-1.329,0.91049,-0.85207,0.077134,0.18479,0.4672,-0.3743,0.093043,-0.0044688
1.2208,-0.37532,0.24199,-1.3304,0.91089,-0.8521,0.077926,0.18896,0.46514,-0.37393,0.086608,-0.0053143
1.2211,-0.37455,0.24386,-1.3319,0.9112,-0.8521,0.079596,0.19267,0.4642,-0.37393,0.077749,-0.005114
1.2214,-0.37376,0.24574,-1.3334,0.91146,-0.85212,0.081682,0.19462,0.46349,-0.37406,0.07042,-0.0041555
1.2217,-0.37296,0.24759,-1.3349,0.91171,-0.85214,0.083602,0.19352,0.46215,-0.37403,0.068565,-0.0028637
1.2221,-0.37219,0.24943,-1.3364,0.91199,-0.85216,0.084887,0.18862,0.45982,-0.37357,0.074112,-0.0016675
1.2225,-0.37148,0.25126,-1.3379,0.9123,-0.85216,0.085326,0.18021,0.45684,-0.37248,0.085822,-0.00087945
1.2228,-0.37078,0.25307,-1.3394,0.91267,-0.85216,0.08494,0.16976,0.45402,-0.37075,0.099606,-0.0006268
1.2231,-0.37011,0.25491,-1.3409,0.9131,-0.85216,0.083866,0.15965,0.45215,-0.36861,0.11018,-0.00084848
1.2234,-0.36949,0.25669,-1.3424,0.91359,-0.85217,0.082232,0.15256,0.45148,-0.36648,0.11334,-0.0013478
1.2238,-0.36888,0.25852,-1.3438,0.91405,-0.85217,0.080166,0.15082,0.45152,-0.36476,0.1078,-0.0018756
1.2241,-0.36828,0.2603,-1.3453,0.91445,-0.85217,0.077873,0.15561,0.45123,-0.3637,0.095809,-0.0022141
1.2244,-0.36765,0.26211,-1.3467,0.91478,-0.85219,0.075703,0.16662,0.4496,-0.36325,0.082173,-0.0022361
1.2247,-0.36696,0.26391,-1.3482,0.91508,-0.85219,0.074076,0.18188,0.44617,-0.36311,0.072227,-0.0019292
1.225,-0.36619,0.26567,-1.3496,0.91537,-0.85221,0.073248,0.19814,0.4414,-0.36284,0.069586,-0.0013844
1.2253,-0.36535,0.26745,-1.3511,0.91567,-0.85221,0.073044,0.21156,0.43653,-0.36214,0.074641,-0.00075751
1.2256,-0.36449,0.26918,-1.3525,0.91595,-0.85221,0.072762,0.21872,0.43305,-0.36089,0.084442,-0.00021732
1.2259,-0.36362,0.27091,-1.354,0.91628,-0.85221,0.071395,0.2176,0.43201,-0.35923,0.093957,0.00010692
1.2262,-0.36277,0.27262,-1.3554,0.9167,-0.85221,0.068113,0.20827,0.43353,-0.35736,0.098168,0.00016562
1.2264,-0.36195,0.27437,-1.3568,0.91714,-0.85221,0.062794,0.19292,0.4367,-0.35539,0.094117,7.4125e-06
1.2267,-0.3612,0.27611,-1.3582,0.91752,-0.85221,0.056275,0.17538,0.43992,-0.35322,0.082102,-0.0002294
1.2269,-0.36053,0.27791,-1.3597,0.91778,-0.85221,0.050129,0.15998,0.44154,-0.35063,0.065586,-0.00035213
1.2271,-0.35994,0.27967,-1.3611,0.91797,-0.85221,0.046014,0.15039,0.4404,-0.34746,0.049907,-0.00016807
1.2272,-0.35935,0.28142,-1.3624,0.91813,-0.85221,0.044887,0.14859,0.4362,-0.34381,0.040331,0.00045616
1.2274,-0.35875,0.28314,-1.3638,0.91829,-0.85221,0.046496,0.15438,0.42945,-0.34009,0.040185,0.0015476
1.2276,-0.35811,0.28486,-1.3651,0.9185,-0.85221,0.049447,0.16547,0.4212,-0.33696,0.04974,0.0030086
1.2278,-0.35741,0.28651,-1.3665,0.91874,-0.85217,0.051848,0.1781,0.41267,-0.33502,0.066171,0.0046346
1.228,-0.35666,0.28814,-1.3678,0.91902,-0.85216,0.052239,0.18801,0.405,-0.3345,0.084557,0.0061678
1.2282,-0.35591,0.28976,-1.3692,0.91939,-0.85214,0.050331,0.19158,0.39907,-0.33519,0.099493,0.0073699
1.2284,-0.35517,0.29137,-1.3705,0.91981,-0.8521,0.047155,0.18683,0.39545,-0.33642,0.10676,0.0080941
1.2286,-0.35444,0.29292,-1.3719,0.92024,-0.85207,0.04453,0.17411,0.39436,-0.33739,0.10453,0.0083307
1.2288,-0.35374,0.29451,-1.3732,0.92064,-0.85203,0.04406,0.15611,0.39556,-0.33748,0.093704,0.0082112
1.229,-0.35315,0.2961,-1.3746,0.92099,-0.85202,0.046186,0.1372,0.39832,-0.33643,0.077484,0.0079667
1.2291,-0.35264,0.29767,-1.3759,0.92127,-0.85197,0.04976,0.12219,0.4015,-0.33443,0.060275,0.0078524
1.2294,-0.35219,0.29929,-1.3772,0.92148,-0.85193,0.052396,0.11481,0.40375,-0.33193,0.046377,0.0080618
1.2296,-0.35175,0.30091,-1.3786,0.92164,-0.85191,0.051486,0.11663,0.40396,-0.32944,0.038849,0.0086611
1.2298,-0.35128,0.30255,-1.3799,0.92178,-0.85188,0.045386,0.12656,0.40153,-0.32729,0.038847,0.0095631
1.23,-0.35072,0.30414,-1.3812,0.92194,-0.85184,0.034257,0.14136,0.3967,-0.32561,0.04553,0.010553
1.2301,-0.35011,0.30569,-1.3825,0.92214,-0.85179,0.020123,0.15669,0.39044,-0.32435,0.056478,0.011357
1.2301,-0.34947,0.30725,-1.3838,0.92241,-0.85174,0.0061362,0.16831,0.38415,-0.32336,0.068439,0.011721
1.2301,-0.34877,0.30877,-1.3851,0.92272,-0.85169,-0.0046356,0.17313,0.3793,-0.32247,0.078173,0.011495
1.23,-0.34809,0.31028,-1.3863,0.92305,-0.85165,-0.010336,0.16973,0.37692,-0.3215,0.083212,0.010667
1.23,-0.34744,0.3118,-1.3876,0.92337,-0.85162,-0.010895,0.15855,0.37735,-0.32028,0.082407,0.0093577
1.23,-0.34683,0.3133,-1.3889,0.92365,-0.85158,-0.0078293,0.14176,0.38011,-0.31865,0.076178,0.0077828
1.23,-0.34629,0.31484,-1.3902,0.92394,-0.85155,-0.00345,0.123,0.38399,-0.31653,0.06643,0.0061817
1.23,-0.34582,0.31638,-1.3914,0.9242,-0.85153,0.00013783,0.10677,0.38731,-0.31397,0.05611,0.004757
1.23,-0.34544,0.31793,-1.3927,0.92445,-0.85151,0.0017727,0.097475,0.38837,-0.31122,0.048475,0.0036319
1.23,-0.34505,0.31948,-1.394,0.92464,-0.85149,0.0014484,0.09809,0.38592,-0.30864,0.046194,0.0028387
1.23,-0.34465,0.32102,-1.3952,0.92482,-0.85149,5.5417e-06,0.10899,0.37964,-0.30657,0.050517,0.0023351
1.23,-0.3442,0.3225,-1.3964,0.92501,-0.85148,-0.0014601,0.12743,0.37034,-0.30513,0.060793,0.0020371
1.23,-0.34364,0.32399,-1.3976,0.92523,-0.85148,-0.0021519,0.14809,0.35983,-0.30414,0.074545,0.0018549
1.2299,-0.34301,0.32542,-1.3988,0.92557,-0.85146,-0.0018549,0.16478,0.3504,-0.30314,0.088146,0.0017194
1.2299,-0.34231,0.3268,-1.4,0.92598,-0.85146,-0.000888,0.17254,0.34402,-0.30158,0.09792,0.0015942
1.2299,-0.34161,0.32814,-1.4013,0.92644,-0.85146,0.00017367,0.16931,0.34171,-0.29914,0.1013,0.0014734
1.2299,-0.34095,0.32952,-1.4024,0.9268,-0.85144,0.00082488,0.15649,0.34312,-0.29586,0.097616,0.0013695
1.2299,-0.34037,0.33088,-1.4036,0.92717,-0.85144,0.00085232,0.1381,0.3468,-0.29222,0.088274,0.0012981
1.2299,-0.33985,0.33228,-1.4048,0.92749,-0.85144,0.00038107,0.11909,0.35079,-0.28894,0.076161,0.0012645
1.2299,-0.33941,0.33371,-1.4059,0.92776,-0.85142,-0.00023607,0.10365,0.35342,-0.2867,0.064633,0.0012568
1.2299,-0.33905,0.33514,-1.407,0.92801,-0.85142,-0.00061332,0.094322,0.35384,-0.28586,0.056397,0.0012474
1.2299,-0.33866,0.33655,-1.4082,0.92824,-0.85142,-0.00052286,0.091948,0.35219,-0.28629,0.052736,0.001201
1.2299,-0.3383,0.33793,-1.4094,0.92845,-0.85142,-6.6901e-06,0.096251,0.34924,-0.28753,0.053301,0.0010876
1.2299,-0.33788,0.33931,-1.4105,0.92865,-0.85141,0.00063592,0.10633,0.34586,-0.28894,0.056484,0.00089571
1.2299,-0.33742,0.34069,-1.4117,0.92888,-0.85141,0.00098971,0.12074,0.34263,-0.28994,0.060143,0.00063942
1.2299,-0.33692,0.34207,-1.4128,0.92914,-0.85141,0.00074642,0.13715,0.33973,-0.29021,0.062368,0.00035798
1.2299,-0.33636,0.34343,-1.414,0.92941,-0.85141,-8.4718e-05,0.15228,0.33717,-0.28966,0.062037,0.00010477
1.2299,-0.33573,0.34477,-1.4151,0.92963,-0.85141,-0.0010901,0.16237,0.33505,-0.28836,0.059019,-7.024e-05
1.2299,-0.33505,0.34612,-1.4163,0.92986,-0.85141,-0.0015633,0.1644,0.33373,-0.28639,0.054074,-0.00013891
1.2299,-0.33439,0.34743,-1.4174,0.93005,-0.85141,-0.00080044,0.15751,0.33369,-0.28386,0.048557,-0.00010693
1.2299,-0.33378,0.34877,-1.4186,0.93024,-0.85141,0.0015373,0.14372,0.33517,-0.28084,0.04405,-1.3627e-05
1.2299,-0.33322,0.35011,-1.4197,0.93042,-0.85141,0.0051716,0.12745,0.33784,-0.27755,0.042008,8.1576e-05
1.23,-0.33276,0.35147,-1.4208,0.93059,-0.85141,0.0092134,0.11386,0.34077,-0.2743,0.04344,0.00012237
1.23,-0.33235,0.35284,-1.4219,0.93077,-0.85141,0.012459,0.10674,0.34272,-0.27147,0.048658,7.9931e-05
1.2301,-0.33193,0.35421,-1.4229,0.93099,-0.85141,0.013862,0.10708,0.34262,-0.26936,0.057114,-3.1427e-05
1.2301,-0.33147,0.35559,-1.424,0.93122,-0.85141,0.012964,0.113,0.34009,-0.26806,0.067429,-0.00015495
1.2302,-0.33102,0.35694,-1.4251,0.93152,-0.85141,0.010082,0.12101,0.33555,-0.26736,0.077642,-0.00021068
1.2302,-0.3305,0.35828,-1.4262,0.93183,-0.85141,0.0061636,0.12787,0.32995,-0.26681,0.085692,-0.00012807
1.2302,-0.32997,0.35957,-1.4272,0.93218,-0.85141,0.0023893,0.13208,0.32432,-0.26594,0.09,0.0001196
1.2302,-0.32945,0.36086,-1.4283,0.93256,-0.85141,-0.00029252,0.13409,0.31929,-0.26444,0.089972,0.00049305
1.2302,-0.32891,0.36212,-1.4294,0.93293,-0.85141,-0.0014764,0.1355,0.31486,-0.2623,0.086203,0.00088894
1.2302,-0.32838,0.36338,-1.4304,0.93326,-0.85141,-0.0013478,0.13772,0.31061,-0.25981,0.080298,0.0011697
1.2302,-0.32783,0.36462,-1.4314,0.93358,-0.85139,-0.00048752,0.141,0.30605,-0.25739,0.074329,0.0012141
1.2302,-0.32723,0.36584,-1.4324,0.93386,-0.85139,0.00043852,0.14434,0.301,-0.25543,0.070137,0.00097114
1.2302,-0.32666,0.36704,-1.4335,0.9341,-0.85139,0.00094897,0.14629,0.29575,-0.25409,0.068721,0.00049481
1.2302,-0.32606,0.36819,-1.4345,0.93438,-0.85139,0.00087749,0.14583,0.29089,-0.25328,0.069941,-5.8964e-05
1.2302,-0.32547,0.36935,-1.4355,0.93468,-0.85139,0.00035261,0.143,0.28702,-0.25273,0.072621,-0.00047976
1.2302,-0.32493,0.37048,-1.4365,0.93499,-0.85139,-0.00031971,0.13867,0.28442,-0.25208,0.075002,-0.00058297
1.2302,-0.32439,0.37162,-1.4375,0.9353,-0.85139,-0.00080162,0.13382,0.283,-0.25101,0.075367,-0.00029554
1.2302,-0.32386,0.37277,-1.4385,0.9356,-0.85139,-0.00085089,0.12892,0.28241,-0.24935,0.072635,0.00028773
1.2302,-0.32334,0.37388,-1.4395,0.93586,-0.85139,-0.00041144,0.12374,0.28228,-0.24712,0.066751,0.00090576
1.2302,-0.32287,0.37502,-1.4405,0.93609,-0.85139,0.00034394,0.1178,0.28242,-0.24445,0.058765,0.0011993
1.2302,-0.3224,0.37615,-1.4415,0.93632,-0.85139,0.0010373,0.11118,0.28274,-0.24163,0.050601,0.00082848
1.2302,-0.32196,0.37727,-1.4424,0.93651,-0.85139,0.0011934,0.10508,0.28318,-0.23899,0.044557,-0.0004005
1.2302,-0.32158,0.3784,-1.4434,0.9367,-0.85137,0.00042196,0.10168,0.28346,-0.23689,0.042662,-0.0024464
1.2302,-0.32116,0.37954,-1.4443,0.93689,-0.85139,-0.0013866,0.10334,0.28307,-0.23564,0.046054,-0.0050197
1.2302,-0.32074,0.38067,-1.4453,0.93708,-0.85142,-0.0039445,0.1114,0.28144,-0.23538,0.054534,-0.0076543
1.2302,-0.32027,0.38179,-1.4462,0.93729,-0.85146,-0.0066111,0.12519,0.27827,-0.23602,0.06648,-0.0098428
1.2302,-0.31974,0.38291,-1.4472,0.93756,-0.85151,-0.0086097,0.14175,0.2738,-0.23723,0.079177,-0.011187
1.2301,-0.31913,0.38399,-1.4481,0.93791,-0.85155,-0.0093316,0.15651,0.26894,-0.23851,0.089517,-0.011509
1.2301,-0.31847,0.38505,-1.4491,0.93831,-0.8516,-0.0085862,0.16466,0.26499,-0.23936,0.094861,-0.010888
1.23,-0.31781,0.3861,-1.45,0.93873,-0.85163,-0.0066693,0.16275,0.26324,-0.23938,0.093788,-0.0096089
1.23,-0.3172,0.38715,-1.451,0.93907,-0.85167,-0.0042131,0.14995,0.26446,-0.23842,0.086469,-0.0080519
1.23,-0.31662,0.38821,-1.4519,0.93939,-0.8517,-0.0018966,0.12851,0.26851,-0.23661,0.074547,-0.006564
1.23,-0.31615,0.38931,-1.4529,0.93965,-0.85172,-0.00016735,0.10319,0.27435,-0.23428,0.060579,-0.005365
1.23,-0.31578,0.39041,-1.4538,0.93986,-0.85174,0.00088927,0.079961,0.2803,-0.2318,0.047281,-0.0045143
1.23,-0.3155,0.39156,-1.4547,0.94002,-0.85176,0.001484,0.064315,0.28453,-0.22946,0.03685,-0.0039406
1.23,-0.31528,0.39268,-1.4556,0.94016,-0.85177,0.001924,0.059748,0.2856,-0.22741,0.030578,-0.0035126
1.23,-0.31505,0.39383,-1.4565,0.94028,-0.85179,0.0024049,0.066901,0.28284,-0.22564,0.0288,-0.0031128
1.23,-0.31475,0.39495,-1.4574,0.9404,-0.85181,0.0029104,0.083521,0.27653,-0.22402,0.031089,-0.0026846
1.2301,-0.31435,0.39605,-1.4583,0.94054,-0.85181,0.0032537,0.1052,0.26776,-0.22245,0.036523,-0.0022382
1.2301,-0.3139,0.3971,-1.4592,0.9407,-0.85181,0.0032149,0.12661,0.25813,-0.22082,0.043882,-0.0018226
1.2301,-0.31334,0.39813,-1.4601,0.94089,-0.85183,0.0026789,0.14279,0.24932,-0.21906,0.051755,-0.0014845
1.2301,-0.31276,0.39909,-1.461,0.94108,-0.85183,0.0016989,0.15027,0.24262,-0.21714,0.058632,-0.0012379
1.2301,-0.31217,0.40005,-1.4618,0.94133,-0.85183,0.00046616,0.14771,0.23867,-0.21502,0.063057,-0.0010578
1.2301,-0.31158,0.40101,-1.4627,0.94159,-0.85184,-0.00077444,0.13603,0.23731,-0.21267,0.063901,-0.00089684
1.2301,-0.31105,0.40195,-1.4635,0.94187,-0.85184,-0.0018067,0.11803,0.23771,-0.21016,0.060663,-0.00071331
1.2301,-0.31062,0.40291,-1.4644,0.94211,-0.85184,-0.0024858,0.09764,0.23862,-0.2076,0.053679,-0.00049319
1.2301,-0.31028,0.40387,-1.4652,0.9423,-0.85184,-0.0027438,0.078917,0.23881,-0.20517,0.044089,-0.00025595
1.2301,-0.31001,0.40481,-1.466,0.94244,-0.85184,-0.0025817,0.065061,0.23741,-0.20307,0.033527,-4.2601e-05
1.2301,-0.30976,0.40575,-1.4668,0.94255,-0.85184,-0.0020715,0.057686,0.23415,-0.20135,0.023648,0.00010601
1.23,-0.30953,0.40668,-1.4676,0.94262,-0.85184,-0.0013616,0.056562,0.22938,-0.19992,0.015658,0.00016858
1.23,-0.30931,0.4076,-1.4684,0.94267,-0.85184,-0.00066571,0.059928,0.22391,-0.19852,0.010046,0.00015158
1.23,-0.30906,0.40849,-1.4692,0.94272,-0.85184,-0.00021357,0.065257,0.21867,-0.19686,0.0065975,8.4054e-05
1.23,-0.30878,0.40933,-1.47,0.94274,-0.85184,-0.00017089,0.070172,0.21441,-0.19472,0.0046618,3.6557e-06
1.23,-0.3085,0.41019,-1.4708,0.94276,-0.85184,-0.00056374,0.073193,0.21141,-0.19209,0.0035082,-5.8013e-05
1.23,-0.30819,0.41104,-1.4715,0.94276,-0.85184,-0.0012517,0.074032,0.20949,-0.18921,0.0026116,-8.4286e-05
1.23,-0.30791,0.41186,-1.4723,0.94277,-0.85184,-0.0019739,0.073387,0.20809,-0.18643,0.0017591,-7.4319e-05
1.23,-0.30761,0.4127,-1.473,0.94277,-0.85184,-0.0024527,0.072382,0.20657,-0.1841,0.00097644,-3.8309e-05
1.23,-0.30734,0.41352,-1.4738,0.94277,-0.85184,-0.0025079,0.07193,0.20444,-0.18238,0.00036538,8.6558e-06
1.23,-0.30704,0.41434,-1.4745,0.94277,-0.85184,-0.0021262,0.072285,0.2016,-0.18121,-3.608e-05,5.0943e-05
1.23,-0.30674,0.41513,-1.4752,0.94277,-0.85184,-0.0014534,0.072947,0.19837,-0.18032,-0.0002958,7.4546e-05
1.23,-0.30646,0.41591,-1.4759,0.94277,-0.85184,-0.00072035,0.072916,0.19539,-0.17941,-0.00053279,6.8938e-05
1.23,-0.30617,0.4167,-1.4767,0.94277,-0.85184,-0.00014013,0.071164,0.19338,-0.17823,-0.00082539,3.042e-05
1.23,-0.30589,0.41747,-1.4774,0.94277,-0.85184,0.00017177,0.067164,0.19285,-0.17669,-0.0011553,-3.348e-05
1.23,-0.30562,0.41823,-1.478,0.94277,-0.85184,0.00022284,0.061263,0.19392,-0.17488,-0.001426,-0.00010168
1.23,-0.3054,0.41902,-1.4788,0.94276,-0.85184,0.00011252,0.054793,0.19621,-0.17299,-0.0015384,-0.00014325
1.23,-0.30521,0.4198,-1.4794,0.94274,-0.85184,-3.0815e-05,0.049809,0.19893,-0.17124,-0.00147,-0.00012889
1.23,-0.305,0.42061,-1.4801,0.94274,-0.85184,-0.00011071,0.048498,0.20112,-0.16984,-0.0013036,-4.7175e-05
1.23,-0.3048,0.42141,-1.4808,0.94274,-0.85184,-9.5524e-05,0.052389,0.20193,-0.16894,-0.0011845,8.2e-05
1.23,-0.30458,0.42221,-1.4815,0.94274,-0.85184,-1.5189e-05,0.061614,0.201,-0.16864,-0.0012356,0.0002057
1.23,-0.3043,0.42303,-1.4822,0.94274,-0.85184,6.8874e-05,0.074533,0.19858,-0.16895,-0.0014816,0.00025377
1.23,-0.304,0.4238,-1.4828,0.94272,-0.85184,0.0001024,0.087937,0.19551,-0.16983,-0.0018298,0.00017033
1.23,-0.30362,0.42459,-1.4835,0.94272,-0.85184,6.7124e-05,0.097897,0.19298,-0.1711,-0.0021179,-4.9289e-05
1.23,-0.3032,0.42535,-1.4842,0.9427,-0.85184,-1.1911e-05,0.10103,0.19212,-0.17256,-0.0021997,-0.00033189
1.23,-0.3028,0.42612,-1.4849,0.94269,-0.85184,-8.2276e-05,0.095759,0.19356,-0.17397,-0.0020206,-0.00052481
1.23,-0.30243,0.42691,-1.4856,0.94269,-0.85184,-9.5329e-05,0.083116,0.19712,-0.1752,-0.0016404,-0.00042662
1.23,-0.30213,0.42769,-1.4863,0.94269,-0.85184,-3.6962e-05,0.066674,0.20184,-0.17624,-0.0011965,0.00015506
1.23,-0.30191,0.42851,-1.487,0.94269,-0.85184,5.9318e-05,0.051595,0.20619,-0.17722,-0.00082979,0.001335
1.23,-0.30173,0.42935,-1.4877,0.94269,-0.85184,0.00012743,0.043034,0.20863,-0.17828,-0.00061788,0.003095
1.23,-0.30156,0.43019,-1.4884,0.94267,-0.85183,0.00010785,0.044422,0.20816,-0.17943,-0.00054812,0.0052618
1.23,-0.30137,0.43103,-1.4891,0.94267,-0.85179,-9.3063e-06,0.056227,0.20467,-0.18051,-0.00054066,0.0075323
1.23,-0.3011,0.43181,-1.4899,0.94267,-0.85176,-0.00016509,0.075654,0.19902,-0.18113,-0.00050232,0.0095401
1.23,-0.30076,0.43261,-1.4906,0.94267,-0.85172,-0.00025546,0.097414,0.19274,-0.18084,-0.00037935,0.010947
1.23,-0.30034,0.43337,-1.4913,0.94267,-0.85167,-0.00019298,0.11535,0.1875,-0.17931,-0.00018177,0.01153
1.23,-0.29985,0.43412,-1.492,0.94267,-0.85163,2.5812e-05,0.1244,0.18457,-0.17646,2.905e-05,0.01124
1.23,-0.29934,0.43485,-1.4927,0.94267,-0.85158,0.00029225,0.12219,0.18436,-0.17252,0.00017789,0.010209
1.23,-0.29885,0.43558,-1.4934,0.94267,-0.85155,0.00042696,0.10973,0.18643,-0.1679,0.00021592,0.0087037
1.23,-0.29845,0.43633,-1.4941,0.94267,-0.85151,0.00028266,0.091036,0.18962,-0.16305,0.0001436,0.0070484
1.23,-0.29812,0.4371,-1.4947,0.94267,-0.85149,-0.00014166,0.071755,0.19249,-0.15827,8.0018e-06,0.0055299
1.23,-0.29789,0.43789,-1.4953,0.94267,-0.85146,-0.00064391,0.05734,0.19378,-0.15365,-0.0001206,0.0043267
1.23,-0.29768,0.43867,-1.4959,0.94267,-0.85146,-0.00086731,0.051453,0.19269,-0.14911,-0.00018004,0.0034792
1.23,-0.29747,0.43942,-1.4965,0.94267,-0.85144,-0.00044838,0.055062,0.18898,-0.1446,-0.00014183,0.0029086
1.23,-0.29723,0.44015,-1.4971,0.94267,-0.85144,0.00079908,0.066473,0.18297,-0.14018,-2.2191e-05,0.0024745
1.23,-0.29693,0.44089,-1.4977,0.94267,-0.85142,0.0027557,0.082143,0.17532,-0.13609,0.00012405,0.0020451
1.23,-0.29657,0.44157,-1.4982,0.94267,-0.85141,0.0049942,0.097907,0.16688,-0.13259,0.00022353,0.0015541
1.23,-0.29616,0.44223,-1.4987,0.94267,-0.85141,0.0069128,0.11015,0.15853,-0.12986,0.00021175,0.0010221
1.2301,-0.29569,0.44284,-1.4992,0.94267,-0.85141,0.0079461,0.11662,0.15102,-0.12779,5.8893e-05,0.00053681
1.2301,-0.29524,0.44344,-1.4997,0.94267,-0.85141,0.0077591,0.11666,0.14494,-0.12603,-0.00021513,0.0002059
1.2301,-0.29475,0.44399,-1.5002,0.94267,-0.85141,0.0063432,0.11109,0.14057,-0.12412,-0.00054311,0.00010169
1.2301,-0.29433,0.44455,-1.5007,0.94267,-0.85141,0.0039876,0.10166,0.13787,-0.12174,-0.00083144,0.00022405
1.2301,-0.29393,0.44511,-1.5012,0.94267,-0.85141,0.0011577,0.090551,0.13649,-0.11889,-0.00099307,0.00049518
1.2301,-0.29362,0.44563,-1.5017,0.94265,-0.85141,-0.0016506,0.079811,0.13586,-0.11591,-0.00097985,0.00078734
1.2301,-0.29332,0.44619,-1.5022,0.94265,-0.85139,-0.0040221,0.071064,0.13539,-0.11331,-0.00080044,0.00097037
1.2301,-0.29304,0.44673,-1.5026,0.94265,-0.85139,-0.0056742,0.065315,0.13463,-0.11154,-0.00051565,0.00095903
1.2301,-0.29278,0.44726,-1.503,0.94265,-0.85139,-0.0064634,0.062934,0.13334,-0.11071,-0.00021311,0.00074153
1.2301,-0.29253,0.4478,-1.5035,0.94265,-0.85139,-0.006377,0.063723,0.13149,-0.11056,2.6894e-05,0.00038015
1.23,-0.29227,0.44832,-1.5039,0.94265,-0.85139,-0.0055281,0.06703,0.12922,-0.11055,0.00015883,-1.4075e-05
1.23,-0.29201,0.44883,-1.5044,0.94265,-0.85139,-0.0041481,0.071912,0.12666,-0.11015,0.0001813,-0.00032108
1.23,-0.2917,0.44932,-1.5048,0.94265,-0.85139,-0.0025572,0.077328,0.12389,-0.10908,0.00012676,-0.00045086
1.23,-0.29138,0.44982,-1.5052,0.94265,-0.85139,-0.0010994,0.082357,0.12092,-0.10749,4.0182e-05,-0.00036937
1.23,-0.29105,0.45029,-1.5057,0.94265,-0.85139,-5.2258e-05,0.086397,0.11779,-0.10578,-4.0774e-05,-0.00010496
1.23,-0.29068,0.45077,-1.5061,0.94265,-0.85139,0.00045381,0.089278,0.11458,-0.10445,-9.4704e-05,0.00026401
1.23,-0.29034,0.4512,-1.5065,0.94265,-0.85139,0.00046818,0.091216,0.11149,-0.10377,-0.00011382,0.0006345
1.23,-0.28995,0.45166,-1.5069,0.94265,-0.85139,0.00018548,0.092617,0.10878,-0.10364,-9.6442e-05,0.00090874
1.23,-0.28959,0.45209,-1.5073,0.94265,-0.85139,-0.00014401,0.093811,0.10668,-0.10362,-4.3279e-05,0.0010206
1.23,-0.28922,0.45249,-1.5077,0.94265,-0.85137,-0.0003192,0.094819,0.1053,-0.10312,3.8548e-05,0.00095187
1.23,-0.28883,0.45291,-1.5081,0.94265,-0.85137,-0.00026218,0.09529,0.10464,-0.10169,0.00012759,0.00073492
1.23,-0.28845,0.45333,-1.5085,0.94265,-0.85137,-3.1919e-05,0.094633,0.10455,-0.099169,0.0001851,0.00044039
1.23,-0.28807,0.45377,-1.5089,0.94265,-0.85137,0.00022239,0.092287,0.10486,-0.095787,0.00016421,0.00015411
1.23,-0.2877,0.45419,-1.5093,0.94265,-0.85137,0.00034184,0.088014,0.10543,-0.091985,3.0663e-05,-5.0754e-05
1.23,-0.28737,0.45461,-1.5097,0.94265,-0.85137,0.00023368,0.0821,0.10616,-0.088244,-0.00021436,-0.00013684
1.23,-0.28705,0.45501,-1.51,0.94265,-0.85137,-8.9346e-05,0.075401,0.10695,-0.084926,-0.00052304,-0.00011297
1.23,-0.28678,0.45544,-1.5103,0.94265,-0.85137,-0.00051888,0.069232,0.10766,-0.082213,-0.00081084,-2.7271e-05
1.23,-0.2865,0.4559,-1.5107,0.94265,-0.85137,-0.00090109,0.065124,0.10807,-0.080161,-0.00098631,5.5042e-05
1.23,-0.28625,0.45633,-1.511,0.94263,-0.85137,-0.0011024,0.064478,0.10794,-0.078774,-0.00098849,8.0622e-05
1.23,-0.28597,0.45675,-1.5113,0.94263,-0.85137,-0.0010622,0.068166,0.10705,-0.07804,-0.00081387,3.2034e-05
1.23,-0.28569,0.45715,-1.5116,0.94263,-0.85137,-0.00081194,0.076152,0.10534,-0.077895,-0.00051944,-6.3698e-05
1.23,-0.28538,0.45759,-1.5119,0.94263,-0.85137,-0.00045481,0.087268,0.10301,-0.078164,-0.00019963,-0.00014631
1.23,-0.28499,0.45801,-1.5122,0.94263,-0.85137,-0.00011775,0.099302,0.10049,-0.078534,5.2135e-05,-0.00014908
1.23,-0.28459,0.45841,-1.5125,0.94263,-0.85137,0.00010153,0.10945,0.098352,-0.078631,0.00017913,-2.9997e-05
1.23,-0.28412,0.45878,-1.5129,0.94263,-0.85137,0.00016912,0.11509,0.097176,-0.078162,0.00017852,0.00020634
1.23,-0.28365,0.45916,-1.5132,0.94263,-0.85137,0.00011721,0.1146,0.097331,-0.077047,9.3891e-05,0.00050591
1.23,-0.2832,0.45956,-1.5135,0.94263,-0.85137,1.675e-05,0.10791,0.098831,-0.075467,-1.0705e-05,0.00078328
1.23,-0.2828,0.45998,-1.5138,0.94263,-0.85137,-6.2942e-05,0.096546,0.10128,-0.073774,-8.1161e-05,0.0009532
1.23,-0.28243,0.46038,-1.5141,0.94263,-0.85135,-8.6082e-05,0.08316,0.10394,-0.072321,-9.3693e-05,0.00096262
1.23,-0.28213,0.46078,-1.5144,0.94263,-0.85135,-5.8772e-05,0.07068,0.10592,-0.071315,-5.7702e-05,0.00081002
1.23,-0.28187,0.46122,-1.5146,0.94263,-0.85135,-1.3368e-05,0.061521,0.10646,-0.07077,-3.071e-06,0.00054452
1.23,-0.28163,0.46164,-1.5149,0.94263,-0.85135,1.8211e-05,0.057067,0.1051,-0.070573,3.9046e-05,0.00024601
1.23,-0.28142,0.46208,-1.5152,0.94263,-0.85135,2.4446e-05,0.057557,0.10192,-0.070602,5.1466e-05,-4.7556e-06
1.23,-0.28117,0.46248,-1.5155,0.94263,-0.85135,1.6092e-05,0.062241,0.09745,-0.070777,3.5829e-05,-0.00015373
1.23,-0.28091,0.46284,-1.5158,0.94263,-0.85135,1.1605e-05,0.06964,0.09253,-0.071026,7.0664e-06,-0.00018817
1.23,-0.28061,0.46319,-1.5161,0.94263,-0.85135,1.8822e-05,0.077773,0.088064,-0.071175,-1.7328e-05,-0.00013427
1.23,-0.28028,0.46354,-1.5163,0.94263,-0.85135,2.7399e-05,0.084385,0.084743,-0.070883,-2.6624e-05,-4.0667e-05
1.23,-0.27995,0.46389,-1.5166,0.94263,-0.85135,1.8071e-05,0.087299,0.082886,-0.0697,-2.0432e-05,4.3427e-05
1.23,-0.27958,0.46422,-1.5169,0.94263,-0.85135,-1.8084e-05,0.084906,0.082418,-0.067258,-6.1396e-06,8.6275e-05
1.23,-0.27927,0.46454,-1.5172,0.94263,-0.85135,-6.5572e-05,0.076692,0.082974,-0.063498,6.9075e-06,8.1282e-05
1.23,-0.27899,0.46487,-1.5174,0.94263,-0.85135,-8.8543e-05,0.063518,0.084063,-0.058802,1.2652e-05,4.3202e-05
1.23,-0.27875,0.46522,-1.5177,0.94263,-0.85135,-5.3835e-05,0.047435,0.085201,-0.053922,1.045e-05,-3.2812e-06
1.23,-0.27857,0.46555,-1.5178,0.94263,-0.85135,4.0249e-05,0.031035,0.085967,-0.049744,3.8225e-06,-3.6306e-05
1.23,-0.27848,0.46592,-1.518,0.94263,-0.85135,0.00014931,0.016637,0.085985,-0.046983,-2.5726e-06,-4.5336e-05
1.23,-0.27848,0.46625,-1.5182,0.94263,-0.85135,0.00019598,0.0057193,0.0849,-0.045957,-5.6583e-06,-3.2785e-05
1.23,-0.27848,0.46658,-1.5184,0.94263,-0.85135,0.0001081,-0.0011246,0.082405,-0.046518,-5.0185e-06,-9.6923e-06
1.23,-0.27848,0.46689,-1.5186,0.94263,-0.85135,-0.00013721,-0.0037817,0.078355,-0.04814,-2.254e-06,1.1242e-05
1.23,-0.27848,0.46721,-1.5188,0.94263,-0.85135,-0.00048937,-0.0021674,0.072912,-0.050055,5.1213e-07,2.1581e-05
1.23,-0.27847,0.46749,-1.519,0.94263,-0.85135,-0.0008368,0.0038461,0.066628,-0.051392,1.906e-06,1.9676e-05
1.23,-0.27843,0.46775,-1.5192,0.94263,-0.85135,-0.0010531,0.013982,0.06039,-0.05128,1.7519e-06,9.5781e-06
1.23,-0.2784,0.46798,-1.5194,0.94263,-0.85135,-0.0010548,0.026895,0.055203,-0.048963,7.3341e-07,-2.2292e-06
1.23,-0.27826,0.46818,-1.5196,0.94263,-0.85135,-0.00084077,0.039877,0.051902,-0.043979,-2.8292e-07,-1.0245e-05
1.23,-0.27808,0.46838,-1.5197,0.94263,-0.85135,-0.0004927,0.049372,0.050907,-0.036374,-7.6999e-07,-1.1993e-05
1.23,-0.27786,0.46859,-1.5199,0.94263,-0.85135,-0.00013663,0.052246,0.052153,-0.026846,-6.7778e-07,-8.2381e-06
1.23,-0.27763,0.4688,-1.52,0.94263,-0.85135,0.00011417,0.047226,0.055201,-0.016711,-2.604e-07,-1.8685e-06
1.23,-0.27745,0.46902,-1.52,0.94263,-0.85135,0.00020584,0.03566,0.059447,-0.0076012,1.787e-07,3.6964e-06
1.23,-0.27735,0.46928,-1.52,0.94263,-0.85135,0.0001579,0.021088,0.064319,-0.0009973,4.3914e-07,5.8642e-06
1.23,-0.2773,0.46955,-1.52,0.94263,-0.85135,4.1495e-05,0.0077671,0.069329,0.002249,4.3914e-07,3.6854e-06
1.23,-0.27732,0.46984,-1.52,0.94263,-0.85135,-6.2885e-05,-0.0011104,0.074027,0.0021699,1.787e-07,-1.8845e-06
1.23,-0.27733,0.47014,-1.52,0.94263,-0.85135,-0.00010434,-0.0045462,0.077925,-0.00040023,-2.604e-07,-8.2458e-06
1.23,-0.27733,0.47044,-1.52,0.94263,-0.85135,-7.8251e-05,-0.0036806,0.080518,-0.0042066,-6.7778e-07,-1.1974e-05
1.23,-0.27733,0.47077,-1.52,0.94263,-0.85135,-1.6544e-05,-0.00070788,0.081438,-0.0080729,-7.6999e-07,-1.0187e-05
1.23,-0.27733,0.4711,-1.5201,0.94263,-0.85135,3.8257e-05,0.0024956,0.080667,-0.011291,-2.8292e-07,-2.1433e-06
1.23,-0.27732,0.47143,-1.5201,0.94263,-0.85135,5.8246e-05,0.0052023,0.078637,-0.013749,7.3341e-07,9.6395e-06
1.23,-0.2773,0.47176,-1.5202,0.94263,-0.85135,4.1493e-05,0.0077213,0.076109,-0.015775,1.7519e-06,1.9634e-05
1.23,-0.27726,0.47204,-1.5203,0.94263,-0.85135,6.5965e-06,0.010587,0.073849,-0.017832,1.906e-06,2.138e-05
1.23,-0.27723,0.47232,-1.5203,0.94263,-0.85135,-2.2667e-05,0.013717,0.07224,-0.020219,5.1213e-07,1.0918e-05
1.23,-0.27716,0.4726,-1.5204,0.94263,-0.85135,-3.1773e-05,0.016162,0.071086,-0.022909,-2.254e-06,-9.9681e-06
1.23,-0.27709,0.47288,-1.5205,0.94263,-0.85135,-2.1133e-05,0.016616,0.069736,-0.025581,-5.0165e-06,-3.2749e-05
1.23,-0.27702,0.47318,-1.5206,0.94263,-0.85135,-1.9943e-06,0.014297,0.067481,-0.027763,-5.6542e-06,-4.479e-05
1.23,-0.27695,0.47344,-1.5207,0.94263,-0.85135,1.27e-05,0.0095883,0.064017,-0.029018,-2.5719e-06,-3.5324e-05
1.23,-0.27693,0.4737,-1.5208,0.94263,-0.85135,1.6007e-05,0.0039835,0.059703,-0.029078,3.8139e-06,-2.3396e-06
1.23,-0.27695,0.47393,-1.521,0.94263,-0.85135,9.24e-06,-0.00064448,0.05544,-0.027893,1.0432e-05,4.3337e-05
1.23,-0.27697,0.47414,-1.5211,0.94263,-0.85135,-1.0708e-06,-0.0029922,0.052252,-0.025606,1.2636e-05,7.9976e-05
1.23,-0.27697,0.47431,-1.5212,0.94263,-0.85135,-8.319e-06,-0.0029225,0.050791,-0.022491,6.9147e-06,8.3607e-05
1.23,-0.27697,0.47452,-1.5213,0.94263,-0.85135,-9.536e-06,-0.0013864,0.051046,-0.018879,-6.0923e-06,4.0589e-05
1.23,-0.27697,0.47475,-1.5213,0.94263,-0.85135,-5.9488e-06,0.00022458,0.052396,-0.015087,-2.0356e-05,-4.155e-05
1.23,-0.27697,0.47496,-1.5214,0.94263,-0.85135,-9.9166e-07,0.00086478,0.053953,-0.011383,-2.6573e-05,-0.00013109
1.23,-0.27697,0.47518,-1.5214,0.94263,-0.85135,2.3129e-06,0.00030169,0.054958,-0.0079649,-1.7377e-05,-0.00018028
1.23,-0.27697,0.47541,-1.5214,0.94263,-0.85135,2.8946e-06,-0.00094716,0.055026,-0.0049711,6.8804e-06,-0.00014308
1.23,-0.27698,0.47562,-1.5215,0.94263,-0.85135,1.5532e-06,-0.0020773,0.054122,-0.0024977,3.5576e-05,4.0728e-06
1.23,-0.27698,0.47583,-1.5215,0.94263,-0.85135,-1.6192e-07,-0.0025201,0.052377,-0.00061723,5.1336e-05,0.00024755
1.23,-0.277,0.47602,-1.5215,0.94263,-0.85135,-1.1047e-06,-0.0022125,0.049892,0.00062469,3.9255e-05,0.00053538
1.23,-0.277,0.47621,-1.5215,0.94263,-0.85135,-1.0323e-06,-0.0015105,0.046709,0.0012332,-2.4691e-06,0.0007918
1.23,-0.277,0.47641,-1.5215,0.94263,-0.85135,-3.9262e-07,-0.00087626,0.042921,0.0012946,-5.698e-05,0.00094283
1.23,-0.277,0.4766,-1.5214,0.94263,-0.85134,2.1241e-07,-0.00057906,0.038825,0.00098702,-9.3418e-05,0.00094296
1.23,-0.27702,0.47674,-1.5214,0.94263,-0.85134,4.4477e-07,-0.0005876,0.034945,0.00055035,-8.1879e-05,0.00079204
1.23,-0.27702,0.47686,-1.5214,0.94263,-0.85134,3.2475e-07,-0.00067661,0.031875,0.00021808,-1.2439e-05,0.00053541
1.23,-0.27702,0.47696,-1.5214,0.94263,-0.85134,7.1713e-08,-0.00062975,0.029991,0.0001377,9.1994e-05,0.00024708
1.23,-0.27702,0.47707,-1.5214,0.94263,-0.85134,-1.1019e-07,-0.00038714,0.029232,0.00031991,0.000178,3.137e-06
1.23,-0.27702,0.47721,-1.5214,0.94263,-0.85134,-1.4761e-07,-5.4972e-05,0.029071,0.00064568,0.00018138,-0.00014402
1.23,-0.27702,0.47733,-1.5214,0.94263,-0.85134,-8.487e-08,0.00019852,0.028725,0.00093137,5.7154e-05,-0.00018043
1.23,-0.27702,0.47745,-1.5214,0.94263,-0.85134,-4.7957e-09,0.00026764,0.02748,0.0010208,-0.00019397,-0.00012978
1.23,-0.27702,0.47756,-1.5214,0.94263,-0.85134,3.8553e-08,0.00016822,0.024973,0.00085817,-0.00051688,-3.8835e-05
1.23,-0.27702,0.47763,-1.5214,0.94263,-0.85134,3.8742e-08,6.1277e-06,0.021289,0.0005071,-0.0008177,4.3507e-05
1.23,-0.27702,0.47771,-1.5214,0.94263,-0.85134,1.7703e-08,-0.00010541,0.016849,0.00010951,-0.00099894,8.4549e-05
1.23,-0.27702,0.47777,-1.5214,0.94262,-0.85134,-1.5973e-09,-0.00011543,0.012207,-0.00018902,-0.00099894,7.6751e-05
1.23,-0.27702,0.4778,-1.5214,0.94262,-0.85134,-9.4088e-09,-5.0076e-05,0.0078544,-0.0003068,-0.0008177,3.5227e-05
1.23,-0.27702,0.47784,-1.5214,0.94262,-0.85134,-7.9754e-09,2.4545e-05,0.0041351,-0.00025334,-0.00051688,-1.3337e-05
1.23,-0.27702,0.47785,-1.5214,0.94262,-0.85134,-3.6528e-09,5.5791e-05,0.0012552,-0.00010829,-0.00019397,-4.4457e-05
1.23,-0.27702,0.47785,-1.5214,0.94262,-0.85134,7.0086e-09,3.5763e-05,-0.00067863,2.9758e-05,5.7146e-05,-4.6296e-05
1.23,-0.27702,0.47784,-1.5214,0.94262,-0.85134,7.3129e-08,-4.9285e-06,-0.0016503,9.3705e-05,0.00018134,-2.3012e-05
1.23,-0.27702,0.47782,-1.5214,0.94262,-0.85134,3.1296e-07,-2.8395e-05,-0.0017664,7.2379e-05,0.00017792,9.3601e-06
1.23,-0.27702,0.47782,-1.5214,0.94262,-0.85134,8.3304e-07,-1.9261e-05,-0.0012814,1.8488e-06,9.1942e-05,3.1865e-05
1.23,-0.27702,0.47782,-1.5214,0.94262,-0.85134,1.5111e-06,7.4594e-06,-0.00056302,-6.4789e-05,-1.2325e-05,3.2131e-05
1.23,-0.27702,0.47782,-1.5214,0.94262,-0.85134,1.7878e-06,2.2666e-05,1.7108e-05,-8.8957e-05,-8.15e-05,1.0267e-05
1.23,-0.27702,0.47782,-1.5214,0.94262,-0.85134,7.9189e-07,8.898e-06,0.00021942,-6.3277e-05,-9.2901e-05,-2.1333e-05
1.23,-0.27702,0.47782,-1.5214,0.94262,-0.85134,-1.946e-06,-2.4317e-05,2.183e-05,-8.7101e-06,-5.6775e-05,-4.4156e-05
1.23,-0.27702,0.47782,-1.5214,0.94262,-0.85134,-5.4285e-06,-4.6888e-05,-0.00040008,4.1533e-05,-3.1626e-06,-4.3041e-05
1.23,-0.27702,0.47782,-1.5214,0.94262,-0.85134,-6.7339e-06,-3.2098e-05,-0.00079037,6.055e-05,3.7462e-05,-1.4601e-05
1.23,-0.27702,0.4778,-1.5214,0.94262,-0.85134,-2.3641e-06,1.9116e-05,-0.00096007,4.0172e-05,4.9231e-05,2.9612e-05
1.23,-0.27702,0.4778,-1.5214,0.94262,-0.85134,8.4128e-06,7.245e-05,-0.00088071,-6.24e-06,3.5014e-05,6.7292e-05
1.23,-0.27702,0.4778,-1.5214,0.94262,-0.85134,2.021e-05,8.0876e-05,-0.00067532,-5.0225e-05,9.8059e-06,7.5625e-05
1.23,-0.27702,0.4778,-1.5214,0.94262,-0.85134,2.1925e-05,2.0972e-05,-0.00052169,-6.1711e-05,-1.0829e-05,4.3047e-05
1.23,-0.27702,0.4778,-1.5214,0.94262,-0.85134,3.6295e-06,-7.9929e-05,-0.00053234,-2.5813e-05,-1.9677e-05,-2.3171e-05
1.23,-0.27702,0.4778,-1.5214,0.94262,-0.85134,-3.2219e-05,-0.00014976,-0.00068426,4.3795e-05,-1.9276e-05,-9.7388e-05
1.23,-0.27702,0.47778,-1.5214,0.94262,-0.85134,-6.3752e-05,-0.00011591,-0.00083714,0.00010445,-1.6208e-05,-0.00014389
1.23,-0.27702,0.47778,-1.5214,0.94262,-0.85134,-5.7286e-05,3.5059e-05,-0.00082603,0.00010414,-1.3394e-05,-0.00012879
1.23,-0.27702,0.47778,-1.5214,0.94262,-0.85134,7.6686e-06,0.00022289,-0.00057307,1.7411e-05,-6.8773e-06,-3.0043e-05
1.23,-0.27702,0.47778,-1.5214,0.94262,-0.85134,0.00010899,0.00029726,-0.00015211,-0.00012196,9.5897e-06,0.0001574
1.23,-0.27702,0.47778,-1.5214,0.94262,-0.85134,0.00017441,0.00011838,0.00023609,-0.00022021,3.5029e-05,0.00041974
1.23,-0.27702,0.47778,-1.5214,0.94262,-0.85134,0.00011794,-0.00034848,0.00037548,-0.00017251,5.4726e-05,0.00072163
1.23,-0.27702,0.47778,-1.5214,0.94262,-0.85134,-8.6028e-05,-0.00098685,0.00018018,5.2903e-05,4.4757e-05,0.0010011
1.23,-0.27702,0.47778,-1.5214,0.94262,-0.85132,-0.00033673,-0.0015719,-0.00021091,0.00034738,-1.1042e-05,0.0011674
1.23,-0.27704,0.47778,-1.5214,0.94262,-0.85132,-0.00041507,-0.0018862,-0.00046804,0.00047533,-0.00010065,0.0011143
1.23,-0.27704,0.47778,-1.5214,0.94262,-0.85132,-0.00010204,-0.0018383,-0.00025169,0.00019678,-0.00017615,0.00075779
1.23,-0.27705,0.47778,-1.5214,0.94262,-0.85132,0.00063424,-0.0015033,0.00053467,-0.00054923,-0.00017193,9.4997e-05
1.23,-0.27705,0.47778,-1.5214,0.94262,-0.85132,0.0015067,-0.0010541,0.0015777,-0.0015192,-4.7076e-05,-0.00074189
1.23,-0.27705,0.47778,-1.5214,0.94262,-0.85132,0.001972,-0.00063199,0.0022302,-0.0022212,0.00017019,-0.0014788
1.23,-0.27705,0.47778,-1.5214,0.94262,-0.85132,0.0015321,-0.00025929,0.0018708,-0.0021814,0.0003696,-0.0017739
1.23,-0.27705,0.47778,-1.5214,0.94262,-0.85132,0.00013917,0.00013035,0.00038445,-0.0012964,0.00040176,-0.0013723
1.23,-0.27705,0.47778,-1.5214,0.94262,-0.85132,-0.0015728,0.00056042,-0.0015526,-3.0933e-05,0.0001692,-0.0002828
1.23,-0.27705,0.47778,-1.5214,0.94262,-0.85132,-0.0024897,0.00089615,-0.0026811,0.00074865,-0.00028121,0.0011201
1.23,-0.27705,0.47778,-1.5214,0.94262,-0.85132,-0.0016702,0.00087636,-0.0018893,0.00030481,-0.000731,0.0021653
1.23,-0.27705,0.47778,-1.5214,0.94262,-0.85132,0.00087703,0.00032077,0.00089446,-0.0013554,-0.00087341,0.0021551
1.23,-0.27705,0.47778,-1.5214,0.94262,-0.85132,0.0038442,-0.00062211,0.0042664,-0.0032235,-0.00049074,0.00075183
1.23,-0.27705,0.47778,-1.5214,0.94262,-0.85132,0.005128,-0.0014138,0.0058666,-0.0037121,0.00036287,-0.0017031
1.23,-0.27705,0.47778,-1.5214,0.94262,-0.85132,0.0031163,-0.0013952,0.0038026,-0.0016702,0.0012974,-0.00415
1.23,-0.27705,0.47778,-1.5214,0.94262,-0.85132,-0.0019342,-0.00028732,-0.0017726,0.0025706,0.0017267,-0.0051716
1.23,-0.27705,0.47778,-1.5214,0.94262,-0.85132,-0.0074232,0.0014208,-0.00805,0.0068922,0.0011885,-0.0036811
1.23,-0.27705,0.47778,-1.5214,0.94262,-0.85132,-0.0094981,0.0025749,-0.010704,0.0083038,-0.00030756,0.00034627
1.23,-0.27705,0.47778,-1.5214,0.94262,-0.85132,-0.0054442,0.0020498,-0.0065435,0.0048183,-0.0021225,0.0054977
1.23,-0.27705,0.47778,-1.5214,0.94262,-0.85132,0.0039261,-0.00031841,0.0037547,-0.0027417,-0.0031836,0.0092248
1.23,-0.27705,0.47778,-1.5214,0.94262,-0.85132,0.013601,-0.0032419,0.014754,-0.01032,-0.0025216,0.0088758
1.23,-0.27705,0.47778,-1.5214,0.94262,-0.85132,0.016474,-0.0044942,0.018482,-0.012353,7.4989e-05,0.0031403
1.23,-0.27705,0.47778,-1.5214,0.94262,-0.85132,0.0077273,-0.0023907,0.0092858,-0.0052188,0.0036445,-0.0067051
1.23,-0.27705,0.47778,-1.5214,0.94262,-0.85132,-0.010691,0.0025679,-0.011058,0.0092862,0.0061801,-0.016408
1.23,-0.27705,0.47778,-1.5214,0.94262,-0.85132,-0.02831,0.0070986,-0.031179,0.022571,0.0053644,-0.019603
